

Instance: /mnt/c/Users/felip/OneDrive/Documentos/GitHub/PO_Ball/Problems/Sequenciamento/instances/100_5_v2.txt
RKO: SA | ILS | VNS | BRKGA | BRKGA-CS | PSO | GA | LNS | GRASP | IPR | 
Sol: 0.806 0.941 0.548 0.660 0.299 0.178 0.093 0.308 0.773 0.068 0.190 0.509 0.232 0.859 0.355 0.039 0.593 0.509 0.163 0.739 0.923 0.825 0.808 0.782 0.200 0.709 0.147 0.201 0.075 0.445 0.266 0.034 0.240 0.054 0.961 0.643 0.187 0.234 0.449 0.425 0.961 0.973 0.912 0.048 0.447 0.634 0.604 0.487 0.109 0.224 0.524 0.471 0.449 0.175 0.743 0.749 0.160 0.750 0.415 0.949 0.678 0.660 0.918 0.017 0.703 0.249 0.270 0.130 0.507 0.728 0.046 0.045 0.013 0.615 0.788 0.633 0.855 0.968 0.744 0.175 0.518 0.563 0.683 0.556 0.726 0.618 0.447 0.235 0.568 0.951 0.529 0.957 0.003 0.205 0.892 0.831 0.539 0.743 0.731 0.460 
ofv: 288.385618
Best time: 150.003
Total time:150.005 


Instance: /mnt/c/Users/felip/OneDrive/Documentos/GitHub/PO_Ball/Problems/Sequenciamento/instances/100_5_v2.txt
RKO: SA | ILS | VNS | BRKGA | BRKGA-CS | PSO | GA | LNS | GRASP | IPR | 
Sol: 0.001 0.267 0.509 0.051 0.955 0.708 0.265 0.513 0.896 0.605 0.131 0.900 0.989 0.009 0.239 0.789 0.270 0.494 0.792 0.233 0.497 0.511 0.294 0.280 0.546 0.309 0.276 0.699 0.241 0.248 0.213 0.113 0.330 0.371 0.893 0.210 0.698 0.495 0.061 0.499 0.864 0.233 0.487 0.330 0.064 0.871 0.598 0.653 0.482 0.427 0.189 0.085 0.214 0.816 0.531 0.916 0.152 0.462 0.910 0.966 0.386 0.102 0.220 0.108 0.874 0.389 0.128 0.279 0.982 0.994 0.283 0.583 0.292 0.195 0.018 0.843 0.259 0.055 0.248 0.459 0.263 0.231 0.414 0.055 0.233 0.718 0.646 0.886 0.749 0.042 0.473 0.188 0.476 0.112 0.051 0.878 0.761 0.372 0.526 0.960 
ofv: 294.856451
Best time: 58.480
Total time:60.012 


Instance: /mnt/c/Users/felip/OneDrive/Documentos/GitHub/PO_Ball/Problems/Sequenciamento/instances/100_5_v2.txt
RKO: SA | ILS | VNS | BRKGA | BRKGA-CS | PSO | GA | LNS | GRASP | IPR | 
Sol: 0.735 0.698 0.992 0.484 0.149 0.895 0.452 0.029 0.175 0.819 0.943 0.824 0.323 0.833 0.100 0.686 0.469 0.360 0.072 0.349 0.212 0.634 0.834 0.198 0.167 0.350 0.164 0.630 0.113 0.759 0.449 0.681 0.477 0.796 0.439 0.392 0.832 0.326 0.740 0.912 0.901 0.886 0.434 0.804 0.153 0.272 0.603 0.464 0.722 0.139 0.972 0.843 0.410 0.418 0.457 0.823 0.026 0.267 0.225 0.961 0.831 0.760 0.095 0.645 0.128 0.556 0.476 0.292 0.410 0.582 0.158 0.160 0.264 0.780 0.245 0.253 0.259 0.322 0.829 0.452 0.556 0.074 0.780 0.579 0.722 0.265 0.143 0.937 0.107 0.007 0.864 0.163 0.847 0.912 0.846 0.802 0.247 0.247 0.009 0.904 
ofv: 264.209491
Best time: 57.544
Total time:60.013 


Instance: /mnt/c/Users/felip/OneDrive/Documentos/GitHub/PO_Ball/Problems/Sequenciamento/instances/100_5.txt
RKO: SA | ILS | VNS | BRKGA | BRKGA-CS | PSO | GA | LNS | GRASP | IPR | 
Sol: 0.496 0.929 0.011 0.293 0.306 0.347 0.110 0.451 0.382 0.887 0.158 0.430 0.396 0.379 0.152 0.422 0.517 0.638 0.762 0.747 0.932 0.287 0.095 0.524 0.760 0.915 0.574 0.965 0.713 0.118 0.151 0.525 0.084 0.188 0.265 0.872 0.277 0.426 0.415 0.390 0.288 0.837 0.628 0.551 0.586 0.047 0.794 0.936 0.444 0.252 0.694 0.485 0.431 0.356 0.606 0.442 0.012 0.495 0.725 0.735 0.376 0.938 0.389 0.020 0.011 0.296 0.792 0.186 0.489 0.516 0.748 0.715 0.506 0.010 0.832 0.323 0.385 0.006 0.121 0.153 0.306 0.522 0.646 0.784 0.109 0.165 0.703 0.361 0.206 0.802 0.356 0.818 0.792 0.062 0.492 0.054 0.772 0.470 0.572 0.309 
ofv: 300.235887
Best time: 133.297
Total time:150.010 


Instance: /mnt/c/Users/felip/OneDrive/Documentos/GitHub/PO_Ball/Problems/Sequenciamento/instances/100_10.txt
RKO: SA | ILS | VNS | BRKGA | BRKGA-CS | PSO | GA | LNS | GRASP | IPR | 
Sol: 0.531 0.917 0.710 0.250 0.101 0.039 0.912 0.204 0.780 0.239 0.024 0.915 0.382 0.289 0.751 0.875 0.339 0.386 0.217 0.647 0.494 0.518 0.475 0.886 0.166 0.798 0.396 0.061 0.850 0.117 0.741 0.648 0.126 0.337 0.585 0.760 0.533 0.070 0.030 0.500 0.489 0.961 0.726 0.241 0.890 0.001 0.823 0.277 0.532 0.196 0.438 0.544 0.992 0.124 0.610 0.018 0.880 0.829 0.657 0.797 0.145 0.409 0.966 0.831 0.201 0.646 0.761 0.322 0.670 0.528 0.893 0.638 0.851 0.473 0.496 0.845 0.318 0.794 0.880 0.665 0.923 0.679 0.739 0.643 0.278 0.759 0.656 0.714 0.782 0.309 0.355 0.123 0.283 0.307 0.629 0.776 0.687 0.443 0.827 0.731 
ofv: 259.086859
Best time: 108.231
Total time:150.011 


Instance: /mnt/c/Users/felip/OneDrive/Documentos/GitHub/PO_Ball/Problems/Sequenciamento/instances/100_15.txt
RKO: SA | ILS | VNS | BRKGA | BRKGA-CS | PSO | GA | LNS | GRASP | IPR | 
Sol: 0.902 0.727 0.190 0.557 0.197 0.685 0.627 0.871 0.417 0.272 0.146 0.156 0.250 0.893 0.747 0.176 0.513 0.580 0.566 0.199 0.787 0.411 0.031 0.717 0.691 0.173 0.295 0.577 0.149 0.769 0.184 0.840 0.501 0.031 0.992 0.499 0.029 0.308 0.186 0.922 0.523 0.495 0.716 0.027 0.303 0.018 0.334 0.548 0.235 0.226 0.748 0.502 0.192 0.396 0.191 0.135 0.067 0.202 0.055 0.049 0.095 0.056 0.285 0.312 0.533 0.847 0.920 0.401 0.192 0.377 0.431 0.201 0.831 0.237 0.296 0.982 0.245 0.186 0.745 0.200 0.949 0.527 0.238 0.045 0.151 0.223 0.460 0.631 0.098 0.676 0.398 0.914 0.655 0.572 0.557 0.205 0.487 0.904 0.523 0.045 
ofv: 206.102402
Best time: 123.478
Total time:150.011 


Instance: /mnt/c/Users/felip/OneDrive/Documentos/GitHub/PO_Ball/Problems/Sequenciamento/instances/200_5.txt
RKO: SA | ILS | VNS | BRKGA | BRKGA-CS | PSO | GA | LNS | GRASP | IPR | 
Sol: 0.380 0.910 0.081 0.727 0.988 0.704 0.017 0.846 0.450 0.618 0.748 0.022 0.468 0.717 0.057 0.333 0.056 0.508 0.802 0.311 0.542 0.477 0.935 0.029 0.403 0.549 0.145 0.654 0.359 0.995 0.893 0.014 0.508 0.409 0.039 0.023 0.137 0.814 0.053 0.421 0.832 0.149 0.967 0.313 0.988 0.140 0.365 0.146 0.742 0.590 0.288 0.453 0.451 0.554 0.381 0.991 0.013 0.560 0.505 0.094 0.094 0.086 0.520 0.566 0.301 0.955 0.391 0.095 0.128 0.498 0.551 0.745 0.983 0.386 0.832 0.400 0.436 0.997 0.459 0.219 0.024 0.594 0.553 0.327 0.837 0.955 0.970 0.938 0.316 0.334 0.277 0.709 0.347 0.815 0.610 0.470 0.412 0.113 0.068 0.814 0.613 0.818 0.115 0.456 0.606 0.505 0.687 0.728 0.428 0.368 0.201 0.103 0.274 0.251 0.760 0.326 0.597 0.870 0.365 0.541 0.436 0.380 0.274 0.520 0.059 0.738 0.677 0.300 0.869 0.592 0.569 0.106 0.069 0.383 0.006 0.282 0.432 0.014 0.894 0.959 0.827 0.169 0.056 0.010 0.463 0.564 0.230 0.712 0.911 0.492 0.046 0.440 0.181 0.952 0.218 0.545 0.987 0.792 0.658 0.443 0.720 0.851 0.932 0.513 0.969 0.706 0.079 0.441 0.336 0.205 0.928 0.459 0.467 0.826 0.112 0.587 0.635 0.373 0.835 0.624 0.068 0.806 0.388 0.490 0.909 0.948 0.379 0.758 0.987 0.206 0.278 0.605 0.445 0.382 0.910 0.659 0.460 0.076 0.496 0.722 
ofv: 594.255439
Best time: 138.772
Total time:150.026 


Instance: /mnt/c/Users/felip/OneDrive/Documentos/GitHub/PO_Ball/Problems/Sequenciamento/instances/200_10.txt
RKO: SA | ILS | VNS | BRKGA | BRKGA-CS | PSO | GA | LNS | GRASP | IPR | 
Sol: 0.183 0.561 0.334 0.535 0.507 0.865 0.657 0.007 0.365 0.482 0.029 0.736 0.986 0.772 0.233 0.109 0.813 0.955 0.864 0.083 0.803 0.075 0.016 0.409 0.960 0.066 0.755 0.089 0.182 0.033 0.075 0.175 0.791 0.576 0.086 0.722 0.088 0.078 0.642 0.124 0.949 0.714 0.329 0.942 0.835 0.232 0.881 0.103 0.285 0.093 0.452 0.060 0.466 0.799 0.989 0.254 0.270 0.684 0.479 0.138 0.715 0.200 0.894 0.055 0.388 0.922 0.129 0.870 0.525 0.694 0.109 0.426 0.984 0.550 0.483 0.074 0.228 0.530 0.693 0.780 0.194 0.323 0.211 0.628 0.253 0.724 0.603 0.082 0.563 0.780 0.570 0.676 0.880 0.148 0.690 0.190 0.161 0.876 0.515 0.034 0.462 0.949 0.705 0.557 0.515 0.298 0.718 0.133 0.308 0.014 0.528 0.163 0.689 0.918 0.433 0.831 0.014 0.463 0.802 0.434 0.563 0.741 0.069 0.210 0.774 0.848 0.463 0.823 0.805 0.711 0.153 0.853 0.227 0.315 0.988 0.918 0.416 0.007 0.913 0.052 0.646 0.365 0.270 0.782 0.481 0.057 0.900 0.284 0.957 0.819 0.512 0.277 0.161 0.552 0.863 0.122 0.345 0.060 0.972 0.960 0.265 0.427 0.548 0.897 0.096 0.387 0.079 0.240 0.848 0.642 0.687 0.610 0.465 0.219 0.068 0.743 0.466 0.196 0.779 0.623 0.533 0.400 0.887 0.039 0.881 0.971 0.818 0.106 0.266 0.646 0.391 0.899 0.220 0.202 0.266 0.949 0.345 0.127 0.845 0.595 
ofv: 576.866996
Best time: 142.523
Total time:150.025 


Instance: /mnt/c/Users/felip/OneDrive/Documentos/GitHub/PO_Ball/Problems/Sequenciamento/instances/200_15.txt
RKO: SA | ILS | VNS | BRKGA | BRKGA-CS | PSO | GA | LNS | GRASP | IPR | 
Sol: 0.155 0.558 0.962 0.531 0.003 0.877 0.744 0.774 0.320 0.241 0.462 0.904 0.291 0.462 0.139 0.722 0.021 0.433 0.053 0.017 0.494 0.612 0.006 0.975 0.995 0.077 0.729 0.992 0.148 0.026 0.492 0.361 0.328 0.570 0.291 0.608 0.084 0.253 0.198 0.633 0.739 0.856 0.240 0.828 0.642 0.512 0.722 0.728 0.159 0.939 0.142 0.791 0.263 0.834 0.116 0.762 0.101 0.812 0.405 0.503 0.113 0.877 0.170 0.192 0.338 0.353 0.639 0.210 0.551 0.138 0.397 0.151 0.678 0.836 0.530 0.384 0.305 0.582 0.311 0.816 0.756 0.492 0.857 0.782 0.656 0.972 0.291 0.598 0.829 0.821 0.898 0.898 0.197 0.092 0.871 0.881 0.255 0.259 0.491 0.541 0.065 0.602 0.175 0.274 0.154 0.155 0.218 0.786 0.578 0.663 0.233 0.109 0.534 0.050 0.249 0.047 0.911 0.401 0.253 0.815 0.568 0.070 0.072 0.466 0.136 0.509 0.279 0.795 0.473 0.031 0.119 0.049 0.839 0.272 0.953 0.654 0.838 0.110 0.051 0.829 0.207 0.458 0.022 0.574 0.220 0.257 0.886 0.264 0.795 0.202 0.097 0.093 0.081 0.897 0.316 0.244 0.491 0.573 0.018 0.077 0.965 0.718 0.770 0.596 0.546 0.820 0.911 0.030 0.305 0.804 0.278 0.486 0.738 0.614 0.766 0.139 0.210 0.683 0.988 0.286 0.125 0.020 0.201 0.939 0.204 0.730 0.845 0.493 0.632 0.076 0.303 0.114 0.460 0.985 0.418 0.827 0.039 0.004 0.280 0.993 
ofv: 500.908792
Best time: 146.931
Total time:150.032 


Instance: /mnt/c/Users/felip/OneDrive/Documentos/GitHub/PO_Ball/Problems/Sequenciamento/instances/300_5.txt
RKO: SA | ILS | VNS | BRKGA | BRKGA-CS | PSO | GA | LNS | GRASP | IPR | 
Sol: 0.657 0.826 0.160 0.886 0.736 0.877 0.654 0.176 0.868 0.321 0.673 0.832 0.040 0.066 0.325 0.375 0.167 0.516 0.175 0.910 0.601 0.679 0.497 0.462 0.439 0.570 0.759 0.814 0.402 0.490 0.556 0.243 0.567 0.672 0.282 0.904 0.853 0.078 0.739 0.131 0.034 0.499 0.657 0.617 0.194 0.429 0.420 0.582 0.199 0.536 0.476 0.463 0.144 0.898 0.487 0.742 0.001 0.182 0.744 0.291 0.783 0.571 0.474 0.644 0.330 0.439 0.314 0.864 0.305 0.917 0.172 0.121 0.132 0.527 0.461 0.494 0.173 0.639 0.245 0.015 0.811 0.177 0.692 0.796 0.767 0.759 0.269 0.860 0.297 0.285 0.387 0.574 0.002 0.826 0.537 0.823 0.341 0.268 0.631 0.095 0.467 0.593 0.814 0.306 0.302 0.038 0.138 0.118 0.545 0.703 0.483 0.393 0.737 0.111 0.308 0.175 0.581 0.418 0.493 0.209 0.898 0.499 0.756 0.079 0.406 0.633 0.236 0.825 0.289 0.768 0.500 0.366 0.720 0.528 0.446 0.341 0.079 0.770 0.369 0.328 0.296 0.282 0.186 0.994 0.565 0.277 0.308 0.477 0.951 0.155 0.462 0.458 0.680 0.402 0.529 0.012 0.179 0.590 0.396 0.834 0.026 0.230 0.596 0.579 0.967 0.440 0.852 0.592 0.550 0.736 0.566 0.600 0.799 0.396 0.049 0.519 0.244 0.014 0.625 0.772 0.662 0.931 0.189 0.014 0.775 0.401 0.037 0.029 0.856 0.187 0.078 0.354 0.058 0.915 0.600 0.154 0.346 0.408 0.978 0.332 0.825 0.722 0.314 0.365 0.974 0.750 0.341 0.568 0.987 0.584 0.613 0.546 0.854 0.103 0.179 0.776 0.273 0.844 0.086 0.735 0.055 0.965 0.411 0.150 0.114 0.385 0.634 0.604 0.222 0.588 0.396 0.133 0.617 0.621 0.903 0.409 0.731 0.363 0.008 0.349 0.459 0.270 0.753 0.202 0.618 0.235 0.223 0.147 0.147 0.731 0.627 0.600 0.775 0.919 0.262 0.608 0.702 0.068 0.403 0.236 0.701 0.852 0.999 0.173 0.122 0.966 0.769 0.328 0.806 0.589 0.407 0.010 0.450 0.701 0.365 0.797 0.997 0.286 0.336 0.233 0.290 0.523 0.148 0.386 0.820 0.533 0.474 0.778 0.920 0.510 0.420 0.075 0.563 0.553 0.855 0.508 0.555 0.112 0.212 0.386 
ofv: 834.918185
Best time: 143.503
Total time:150.049 


Instance: /mnt/c/Users/felip/OneDrive/Documentos/GitHub/PO_Ball/Problems/Sequenciamento/instances/300_10.txt
RKO: SA | ILS | VNS | BRKGA | BRKGA-CS | PSO | GA | LNS | GRASP | IPR | 
Sol: 0.396 0.206 0.545 0.414 0.731 0.354 0.801 0.125 0.406 0.494 0.944 0.867 0.973 0.165 0.239 0.466 0.484 0.317 0.373 0.073 0.313 0.692 0.730 0.445 0.920 0.633 0.620 0.402 0.307 0.533 0.295 0.545 0.075 0.420 0.262 0.271 0.859 0.009 0.302 0.696 0.190 0.072 0.975 0.494 0.970 0.102 0.015 0.811 0.058 0.371 0.673 0.517 0.306 0.631 0.437 0.177 0.437 0.100 0.916 0.352 0.628 0.125 0.524 0.761 0.224 0.231 0.343 0.191 0.933 0.691 0.848 0.077 0.281 0.697 0.211 0.577 0.919 0.028 0.308 0.731 0.517 0.793 0.869 0.029 0.283 0.243 0.270 0.994 0.479 0.324 0.811 0.198 0.388 0.335 0.436 0.160 0.349 0.606 0.253 0.060 0.770 0.190 0.780 0.320 0.919 0.384 0.783 0.575 0.849 0.135 0.510 0.761 0.067 0.222 0.732 0.913 0.893 0.598 0.532 0.812 0.417 0.923 0.062 0.661 0.393 0.768 0.339 0.901 0.635 0.611 0.475 0.287 0.983 0.452 0.433 0.003 0.243 0.881 0.562 0.929 0.750 0.126 0.822 0.280 0.718 0.945 0.746 0.430 0.452 0.848 0.583 0.204 0.469 0.193 0.626 0.124 0.125 0.706 0.127 0.529 0.760 0.751 0.585 0.413 0.271 0.356 0.501 0.559 0.845 0.394 0.318 0.526 0.939 0.706 0.512 0.309 0.402 0.204 0.028 0.291 0.300 0.017 0.038 0.165 0.558 0.866 0.264 0.314 0.171 0.527 0.985 0.200 0.357 0.628 0.667 0.115 0.067 0.127 0.858 0.041 0.223 0.844 0.180 0.486 0.776 0.510 0.758 0.664 0.817 0.407 0.835 0.670 0.414 0.142 0.664 0.607 0.809 0.172 0.058 0.381 0.298 0.555 0.919 0.360 0.656 0.706 0.937 0.454 0.164 0.311 0.761 0.021 0.725 0.569 0.288 0.669 0.395 0.251 0.470 0.924 0.204 0.841 0.172 0.387 0.005 0.759 0.980 0.318 0.212 0.516 0.748 0.383 0.305 0.743 0.488 0.236 0.926 0.792 0.570 0.558 0.609 0.747 0.865 0.370 0.637 0.527 0.697 0.225 0.476 0.394 0.551 0.373 0.181 0.208 0.070 0.865 0.094 0.448 0.436 0.184 0.813 0.925 0.917 0.256 0.514 0.956 0.976 0.894 0.538 0.270 0.417 0.378 0.324 0.469 0.256 0.014 0.748 0.743 0.889 0.940 
ofv: 962.194041
Best time: 147.180
Total time:150.132 


Instance: /mnt/c/Users/felip/OneDrive/Documentos/GitHub/PO_Ball/Problems/Sequenciamento/instances/300_15.txt
RKO: SA | ILS | VNS | BRKGA | BRKGA-CS | PSO | GA | LNS | GRASP | IPR | 
Sol: 0.001 0.465 0.541 0.196 0.055 0.088 0.271 0.760 0.525 0.208 0.927 0.767 0.920 0.980 0.777 0.506 0.029 0.133 0.703 0.465 0.961 0.289 0.955 0.157 0.934 0.614 0.150 0.645 0.959 0.521 0.291 0.209 0.244 0.968 0.250 0.527 0.949 0.214 0.394 0.577 0.099 0.926 0.445 0.316 0.252 0.755 0.013 0.205 0.403 0.778 0.879 0.780 0.114 0.698 0.166 0.009 0.928 0.388 0.490 0.617 0.095 0.025 0.409 0.855 0.821 0.627 0.808 0.160 0.010 0.738 0.089 0.089 0.947 0.993 0.115 0.624 0.438 0.907 0.581 0.019 0.637 0.642 0.562 0.386 0.197 0.222 0.170 0.215 0.541 0.531 0.082 0.487 0.829 0.517 0.826 0.656 0.668 0.598 0.861 0.285 0.575 0.248 0.283 0.026 0.498 0.510 0.823 0.199 0.240 0.883 0.589 0.349 0.310 0.048 0.131 0.839 0.192 0.337 0.448 0.416 0.018 0.403 0.156 0.542 0.128 0.291 0.623 0.726 0.964 0.557 0.723 0.648 0.083 0.097 0.382 0.952 0.522 0.977 0.145 0.919 0.207 0.143 0.118 0.306 0.534 0.764 0.925 0.718 0.236 0.916 0.680 0.763 0.705 0.936 0.930 0.662 0.864 0.414 0.473 0.380 0.693 0.189 0.474 0.271 0.437 0.408 0.504 0.895 0.956 0.375 0.991 0.609 0.178 0.734 0.279 0.648 0.738 0.184 0.315 0.421 0.580 0.281 0.327 0.488 0.571 0.309 0.929 0.474 0.150 0.186 0.377 0.595 0.722 0.764 0.591 0.946 0.667 0.398 0.805 0.046 0.316 0.094 0.022 0.958 0.079 0.850 0.942 0.071 0.226 0.192 0.857 0.369 0.976 0.334 0.918 0.026 0.773 0.742 0.917 0.535 0.841 0.145 0.473 0.685 0.184 0.834 0.963 0.419 0.508 0.998 0.209 0.165 0.827 0.596 0.788 0.472 0.385 0.010 0.167 0.994 0.810 0.941 0.756 0.330 0.217 0.576 0.520 0.933 0.780 0.932 0.015 0.301 0.920 0.792 0.222 0.013 0.805 0.706 0.510 0.037 0.746 0.480 0.969 0.291 0.623 0.797 0.565 0.587 0.542 0.559 0.987 0.372 0.226 0.192 0.527 0.781 0.504 0.203 0.537 0.270 0.950 0.451 0.202 0.401 0.865 0.955 0.706 0.078 0.559 0.453 0.496 0.477 0.237 0.687 0.147 0.819 0.997 0.979 0.495 0.262 
ofv: 932.316462
Best time: 139.167
Total time:150.134 


Instance: /mnt/c/Users/felip/OneDrive/Documentos/GitHub/PO_Ball/Problems/Sequenciamento/instances/400_5.txt
RKO: SA | ILS | VNS | BRKGA | BRKGA-CS | PSO | GA | LNS | GRASP | IPR | 
Sol: 0.456 0.042 0.456 0.907 0.664 0.569 0.814 0.586 0.965 0.667 0.829 0.185 0.583 0.949 0.062 0.110 0.710 0.898 0.956 0.596 0.666 0.506 0.698 0.693 0.765 0.627 0.248 0.507 0.900 0.345 0.150 0.456 0.951 0.410 0.990 0.746 0.792 0.968 0.015 0.098 0.206 0.211 0.117 0.158 0.266 0.514 0.950 0.503 0.500 0.020 0.290 0.126 0.241 0.712 0.176 0.745 0.939 0.267 0.971 0.106 0.137 0.942 0.892 0.415 0.722 0.188 0.697 0.118 0.970 0.393 0.487 0.347 0.602 0.607 0.764 0.745 0.973 0.863 0.085 0.414 0.368 0.451 0.589 0.719 0.495 0.743 0.974 0.830 0.475 0.786 0.628 0.382 0.588 0.662 0.497 0.584 0.568 0.176 0.176 0.018 0.300 0.799 0.387 0.455 0.611 0.642 0.595 0.605 0.207 0.503 0.746 0.821 0.677 0.047 0.924 0.355 0.086 0.403 0.639 0.983 0.362 0.522 0.991 0.678 0.956 0.492 0.490 0.359 0.862 0.776 0.709 0.044 0.720 0.977 0.208 0.882 0.796 0.480 0.982 0.670 0.830 0.012 0.459 0.887 0.684 0.757 0.114 0.075 0.254 0.352 0.287 0.655 0.766 0.080 0.908 0.497 0.085 0.680 0.248 0.804 0.391 0.836 0.005 0.115 0.930 0.709 0.733 0.420 0.543 0.605 0.581 0.510 0.729 0.909 0.595 0.786 0.647 0.859 0.009 0.404 0.983 0.993 0.766 0.551 0.073 0.602 0.496 0.830 0.913 0.002 0.825 0.226 0.876 0.717 0.774 0.802 0.193 0.610 0.550 0.049 0.701 0.579 0.551 0.270 0.214 0.688 0.428 0.597 0.857 0.014 0.181 0.450 0.235 0.425 0.190 0.107 0.676 0.170 0.833 0.359 0.773 0.025 0.491 0.330 0.505 0.049 0.456 0.176 0.736 0.598 0.071 0.388 0.066 0.462 0.094 0.986 0.730 0.230 0.042 0.271 0.330 0.276 0.471 0.569 0.497 0.812 0.106 0.627 0.072 0.146 0.132 0.955 0.333 0.531 0.672 0.170 0.992 0.854 0.817 0.258 0.437 0.092 0.162 0.382 0.081 0.310 0.190 0.902 0.970 0.973 0.632 0.356 0.561 0.747 0.048 0.814 0.947 0.396 0.193 0.014 0.333 0.317 0.937 0.312 0.086 0.408 0.801 0.859 0.372 0.213 0.392 0.864 0.825 0.196 0.041 0.431 0.206 0.572 0.850 0.749 0.807 0.847 0.130 0.026 0.703 0.998 0.955 0.123 0.220 0.409 0.526 0.300 0.457 0.888 0.189 0.820 0.672 0.590 0.002 0.528 0.600 0.522 0.062 0.376 0.356 0.898 0.079 0.955 0.855 0.085 0.574 0.816 0.969 0.972 0.204 0.086 0.413 0.401 0.018 0.521 0.642 0.294 0.410 0.155 0.323 0.460 0.459 0.319 0.944 0.125 0.927 0.493 0.067 0.307 0.473 0.289 0.703 0.096 0.033 0.359 0.085 0.396 0.910 0.213 0.422 0.072 0.061 0.265 0.018 0.567 0.119 0.411 0.375 0.917 0.509 0.142 0.945 0.299 0.786 0.643 0.935 0.711 0.922 0.078 0.601 0.301 0.033 0.308 0.094 0.877 0.302 0.533 0.706 0.038 0.438 0.503 0.516 0.731 0.965 0.262 
ofv: 1316.393970
Best time: 145.235
Total time:150.184 


Instance: /mnt/c/Users/felip/OneDrive/Documentos/GitHub/PO_Ball/Problems/Sequenciamento/instances/400_10.txt
RKO: SA | ILS | VNS | BRKGA | BRKGA-CS | PSO | GA | LNS | GRASP | IPR | 
Sol: 0.790 0.487 0.684 0.465 0.251 0.138 0.389 0.025 0.168 0.829 0.208 0.543 0.332 0.302 0.880 0.575 0.573 0.589 0.909 0.271 0.456 0.392 0.282 0.442 0.026 0.187 0.814 0.999 0.427 0.066 0.470 0.936 0.703 0.432 0.428 0.450 0.444 0.840 0.798 0.452 0.910 0.240 0.422 0.876 0.973 0.312 0.167 0.084 0.804 0.487 0.568 0.351 0.560 0.821 0.148 0.959 0.657 0.709 0.316 0.667 0.323 0.536 0.599 0.790 0.580 0.246 0.807 0.352 0.240 0.858 0.477 0.563 0.890 1.000 0.261 0.715 0.508 0.288 0.188 0.229 0.076 0.035 0.950 0.670 0.060 0.111 0.717 0.771 0.955 0.646 0.864 0.734 0.448 0.867 0.484 0.022 0.294 0.816 0.491 0.440 0.591 0.084 0.936 0.543 0.611 0.302 0.533 0.406 0.483 0.700 0.848 0.233 0.727 0.425 0.678 0.062 0.650 0.363 0.221 0.900 0.038 0.074 0.709 0.068 0.645 0.244 0.281 0.801 0.813 0.191 0.830 0.102 0.044 0.220 0.052 0.377 0.854 0.650 0.556 0.494 0.623 0.685 0.662 0.026 0.978 0.364 0.616 0.707 0.216 0.161 0.963 0.440 0.003 0.734 0.219 0.995 0.599 0.453 0.606 0.767 0.619 0.541 0.313 0.603 0.849 0.924 0.399 0.252 0.599 0.493 0.665 0.398 0.598 0.386 0.386 0.978 0.603 0.681 0.643 0.403 0.934 0.575 0.764 0.768 0.889 0.646 0.609 0.059 0.933 0.396 0.734 0.677 0.642 0.704 0.825 0.517 0.853 0.706 0.657 0.565 0.582 0.364 0.062 0.032 0.168 0.903 0.452 0.217 0.242 0.710 0.157 0.430 0.125 0.285 0.573 0.419 0.764 0.333 0.267 0.835 0.169 0.887 0.042 0.903 0.502 0.158 0.244 0.623 0.531 0.112 0.722 0.735 0.432 0.738 0.875 0.849 0.250 0.947 0.307 0.750 0.010 0.917 0.451 0.645 0.482 0.636 0.126 0.316 0.903 0.778 0.423 0.788 0.316 0.670 0.095 0.616 0.459 0.055 0.358 0.417 0.547 0.121 0.640 0.055 0.956 0.642 0.601 0.504 0.549 0.122 0.318 0.976 0.483 0.082 0.311 0.259 0.753 0.502 0.503 0.367 0.070 0.972 0.026 0.828 0.229 0.401 0.420 0.571 0.066 0.189 0.193 0.694 0.911 0.137 0.483 0.155 0.038 0.464 0.005 0.695 0.521 0.857 0.935 0.984 0.861 0.184 0.671 0.143 0.989 0.401 0.364 0.167 0.258 0.067 0.883 0.996 0.752 0.705 0.891 0.006 0.230 0.865 0.004 0.187 0.844 0.748 0.246 0.153 0.863 0.582 0.100 0.182 0.732 0.170 0.083 0.830 0.791 0.725 0.506 0.340 0.964 0.184 0.766 0.571 0.521 0.439 0.213 0.281 0.847 0.781 0.926 0.800 0.314 0.532 0.760 0.968 0.032 0.622 0.313 0.564 0.274 0.774 0.886 0.720 0.924 0.086 0.668 0.651 0.263 0.838 0.296 0.333 0.801 0.075 0.857 0.212 0.082 0.950 0.205 0.374 0.507 0.766 0.658 0.927 0.477 0.352 0.570 0.047 0.863 0.067 0.598 0.124 0.286 0.668 0.805 0.248 0.756 0.582 0.788 0.471 
ofv: 1323.840084
Best time: 150.373
Total time:150.393 


Instance: /mnt/c/Users/felip/OneDrive/Documentos/GitHub/PO_Ball/Problems/Sequenciamento/instances/400_15.txt
RKO: SA | ILS | VNS | BRKGA | BRKGA-CS | PSO | GA | LNS | GRASP | IPR | 
Sol: 0.326 0.867 0.136 0.469 0.303 0.291 0.672 0.553 0.569 0.478 0.385 0.173 0.615 0.561 0.432 0.554 0.688 0.501 0.798 0.717 0.311 0.796 0.122 0.343 0.380 0.897 0.282 0.947 0.979 0.979 0.913 0.862 0.064 0.797 0.062 0.845 0.608 0.890 0.284 0.026 0.147 0.102 0.324 0.345 0.368 0.678 0.726 0.836 0.251 0.685 0.594 0.009 0.711 0.056 0.826 1.000 0.602 0.895 0.747 0.022 0.551 0.742 0.554 0.133 0.073 0.349 0.861 0.805 0.925 0.908 0.768 0.693 0.346 0.049 0.055 0.469 0.137 0.549 0.871 0.839 0.591 0.789 0.032 0.251 0.301 0.632 0.079 0.618 0.456 0.843 0.634 0.907 0.298 0.980 0.695 0.899 0.046 0.539 0.439 0.490 0.999 0.734 0.281 0.677 0.432 0.752 0.324 0.538 0.809 0.244 0.139 0.037 0.975 0.335 0.348 0.082 0.637 0.946 0.085 0.135 0.071 0.476 0.416 0.762 0.660 0.701 0.329 0.430 0.958 0.391 0.849 0.980 0.875 0.569 0.801 0.403 0.040 0.183 0.019 0.871 0.615 0.849 0.141 0.449 0.046 0.656 0.927 0.597 0.923 0.163 0.703 0.070 0.912 0.367 0.853 0.986 0.250 0.142 0.298 0.603 0.052 0.837 0.578 0.465 0.799 0.412 0.723 0.663 0.802 0.556 0.589 0.865 0.123 0.656 0.777 0.557 0.538 0.184 0.426 0.129 0.953 0.587 0.944 0.943 0.449 0.078 0.859 0.043 0.525 0.941 0.507 0.233 0.495 0.726 0.811 0.889 0.835 0.296 0.583 0.241 0.422 0.634 0.973 0.465 0.872 0.175 0.205 0.053 0.872 0.442 0.435 0.158 0.762 0.312 0.846 0.182 0.023 0.987 0.453 0.490 0.694 0.424 0.941 0.145 0.117 0.115 0.536 0.449 0.633 0.325 0.916 0.016 0.432 0.294 0.763 0.817 0.866 0.003 0.985 0.550 0.671 0.543 0.089 0.632 0.002 0.593 0.815 0.567 0.338 0.806 0.493 0.738 0.822 0.877 0.961 0.958 0.769 0.392 0.857 0.184 0.837 0.474 0.640 0.132 0.965 0.751 0.565 0.602 0.183 0.955 0.034 0.448 0.033 0.034 0.276 0.327 0.456 0.664 0.754 0.521 0.507 0.276 0.499 0.671 0.147 0.525 0.749 0.166 0.440 0.910 0.783 0.391 0.353 0.173 0.305 0.062 0.398 0.763 0.516 0.864 0.618 0.114 0.731 0.991 0.584 0.098 0.959 0.225 0.532 0.435 0.350 0.411 0.261 0.619 0.120 0.958 0.794 0.267 0.475 0.186 0.867 0.178 0.361 0.091 0.946 0.774 0.469 0.410 0.580 0.730 0.166 0.053 0.387 0.487 0.363 0.296 0.690 0.810 0.261 0.005 0.793 0.939 0.093 0.577 0.136 0.302 0.423 0.920 0.161 0.167 0.221 0.136 0.896 0.989 0.342 0.575 0.137 0.215 0.357 0.196 0.849 0.035 0.658 0.131 0.945 0.662 0.367 0.187 0.484 0.287 0.867 0.998 0.553 0.990 0.508 0.786 0.372 0.814 0.811 0.814 0.191 0.536 0.790 0.973 0.812 0.398 0.151 0.187 0.869 0.516 0.791 0.688 0.915 0.022 0.203 0.401 0.203 0.582 0.232 0.888 
ofv: 1383.469006
Best time: 144.817
Total time:150.489 


Instance: /mnt/c/Users/felip/OneDrive/Documentos/GitHub/PO_Ball/Problems/Sequenciamento/instances/500_5.txt
RKO: SA | ILS | VNS | BRKGA | BRKGA-CS | PSO | GA | LNS | GRASP | IPR | 
Sol: 0.572 0.873 0.538 0.439 0.966 0.373 0.769 0.750 0.794 0.610 0.615 0.481 0.463 0.168 0.009 0.071 0.117 0.711 0.456 0.445 0.108 0.309 0.267 0.799 0.837 0.745 0.160 0.996 0.554 0.611 0.043 0.463 0.050 0.630 0.282 0.133 0.793 0.490 0.943 0.463 0.853 0.688 0.846 0.249 0.674 0.791 0.975 0.256 0.774 0.411 0.580 0.449 0.979 0.280 0.050 0.231 0.840 0.605 0.167 0.199 0.095 0.789 0.614 0.211 0.094 0.622 0.930 0.388 0.523 0.883 0.328 0.299 0.794 0.494 0.853 0.023 0.633 0.966 0.938 0.717 0.132 0.961 0.183 0.227 0.009 0.779 0.483 0.831 0.893 0.551 0.864 0.244 0.922 0.399 0.473 0.093 0.164 0.476 0.312 0.058 0.492 0.073 0.556 0.196 0.669 0.033 0.546 0.766 0.640 0.402 0.520 0.617 0.931 0.821 0.088 0.995 0.580 0.643 0.443 0.322 0.338 0.647 0.689 0.032 0.001 0.006 0.415 0.258 0.701 0.843 0.946 0.056 0.686 0.356 0.363 0.490 0.006 0.365 0.570 0.341 0.621 0.979 0.547 0.598 0.809 0.340 0.750 0.284 0.151 0.806 0.246 0.479 0.705 0.991 0.546 0.225 0.137 0.247 0.191 0.282 0.513 0.734 0.322 0.561 0.762 0.797 1.000 0.511 0.384 0.536 0.369 0.573 0.537 0.922 0.130 0.016 0.281 0.885 0.169 0.428 0.293 0.119 0.472 0.671 0.548 0.184 0.583 0.099 0.838 0.087 0.347 0.185 0.328 0.102 0.401 0.184 0.519 0.406 0.452 0.903 0.678 0.378 0.056 0.018 0.665 0.306 0.077 0.270 0.876 0.940 0.399 0.307 0.957 0.930 0.507 0.162 0.081 0.681 0.739 0.910 0.500 0.869 0.283 0.258 0.961 0.072 0.673 0.351 0.547 0.055 0.101 0.747 0.095 0.820 0.507 0.593 0.903 0.719 0.442 0.467 0.733 0.614 0.796 0.320 0.424 0.183 0.349 0.362 0.537 0.527 0.193 0.055 0.622 0.533 0.266 0.692 0.574 0.646 0.062 0.177 0.827 0.522 0.258 0.193 0.167 0.675 0.069 0.103 0.459 0.308 0.427 0.140 0.485 0.719 0.369 0.210 0.791 0.271 0.311 0.886 0.102 0.254 0.994 0.874 0.835 0.685 0.445 0.630 0.735 0.599 0.004 0.598 0.793 0.372 0.946 0.264 0.825 0.850 0.890 0.198 0.303 0.952 0.000 0.669 0.551 0.420 0.507 0.494 0.556 0.824 0.398 0.903 0.668 0.030 0.449 0.206 0.532 0.057 0.404 0.905 0.463 0.478 0.995 0.434 0.391 0.115 0.722 0.483 0.930 0.950 0.856 0.033 0.403 0.923 0.597 0.696 0.716 0.500 0.889 0.958 0.329 0.847 0.863 0.062 0.945 0.182 0.077 0.147 0.302 0.162 0.739 0.289 0.437 0.462 0.640 0.035 0.217 0.242 0.624 0.611 0.061 0.294 0.732 0.167 0.560 0.853 0.595 0.586 0.850 0.135 0.815 0.077 0.776 0.312 0.705 0.558 0.990 0.960 0.030 0.696 0.384 0.771 0.687 0.660 0.012 0.984 0.256 0.558 0.340 0.234 0.313 0.199 0.544 0.816 0.678 0.053 0.047 0.025 0.443 0.087 0.389 0.606 0.921 0.429 0.292 0.176 0.042 0.787 0.463 0.706 0.195 0.861 0.857 0.609 0.834 0.103 0.658 0.016 0.969 0.006 0.097 0.538 0.580 0.964 0.776 0.303 0.704 0.947 0.486 0.187 0.415 0.671 0.648 0.280 0.714 0.908 0.975 0.406 0.441 0.159 0.740 0.018 0.938 0.297 0.685 0.068 0.158 0.514 0.419 0.616 0.104 0.534 0.363 0.293 0.553 0.537 0.795 0.649 0.218 0.473 0.979 0.186 0.805 0.765 0.352 0.635 0.323 0.493 0.370 0.690 0.242 0.511 0.263 0.199 0.607 0.358 0.134 0.160 0.585 0.839 0.548 0.783 0.132 0.433 0.699 0.407 0.237 0.908 0.698 0.385 0.427 0.200 0.671 0.288 0.222 0.324 0.594 0.174 0.382 0.455 
ofv: 383703.662015
Best time: 150.248
Total time:150.490 


Instance: /mnt/c/Users/felip/OneDrive/Documentos/GitHub/PO_Ball/Problems/Sequenciamento/instances/500_10.txt
RKO: SA | ILS | VNS | BRKGA | BRKGA-CS | PSO | GA | LNS | GRASP | IPR | 
Sol: 0.304 0.652 0.601 0.027 0.240 0.822 0.315 0.028 0.223 0.445 0.373 0.520 0.076 0.356 0.619 0.834 0.823 0.462 0.868 0.334 0.990 0.663 0.535 0.555 0.034 0.242 0.086 0.384 0.802 0.269 0.093 0.821 0.496 0.840 0.371 0.442 0.055 0.430 0.545 0.964 0.079 0.859 0.489 0.863 0.634 0.416 0.288 0.602 0.990 0.000 0.488 0.589 0.901 0.397 0.244 0.164 0.905 0.816 0.907 0.460 0.153 0.717 0.216 0.215 0.840 0.470 0.849 0.829 0.247 0.104 0.995 0.699 0.020 0.414 0.912 0.759 0.517 0.115 0.022 0.509 0.580 0.775 0.706 0.352 0.981 0.735 0.577 0.921 0.493 0.745 0.559 0.472 0.113 0.538 0.860 0.754 0.913 0.363 0.343 0.897 0.793 0.016 0.294 0.029 0.100 0.808 0.845 0.038 0.236 0.184 0.356 0.921 0.653 0.800 0.249 0.015 0.893 0.208 0.219 0.909 0.495 0.977 0.396 0.886 0.331 0.499 0.244 0.538 0.998 0.851 0.361 0.294 0.399 0.953 0.294 0.956 0.596 0.854 0.248 0.285 0.506 0.957 0.195 0.626 0.623 0.572 0.651 0.760 0.372 0.260 0.955 0.935 0.426 0.939 0.405 0.928 0.556 0.737 0.635 0.179 0.009 0.431 0.916 0.936 0.389 0.448 0.059 0.655 0.998 0.304 0.013 0.328 0.037 0.324 0.388 0.826 0.583 0.666 0.710 0.523 0.353 0.278 0.831 0.063 0.429 0.839 0.195 0.539 0.987 0.451 0.357 0.800 0.043 0.479 0.240 0.332 0.770 0.660 0.410 0.489 0.429 0.292 0.570 0.251 0.317 0.823 0.517 0.979 0.283 0.572 0.857 0.721 0.318 0.289 0.603 0.710 0.307 0.787 0.660 0.075 0.214 0.596 0.172 0.925 0.425 0.568 0.567 0.821 0.296 0.760 0.471 0.527 0.304 0.665 0.798 0.962 0.303 0.431 0.769 0.781 0.190 0.067 0.427 0.823 0.395 0.786 0.486 0.247 0.087 0.873 0.237 0.351 0.587 0.626 0.745 0.001 0.749 0.109 0.198 0.537 0.246 0.342 0.562 0.818 0.751 0.003 0.675 0.926 0.991 0.516 0.960 0.724 0.139 0.120 0.515 0.543 0.326 0.930 0.633 0.027 0.355 0.415 0.689 0.194 0.510 0.815 0.234 0.092 0.896 0.120 0.060 0.199 0.890 0.697 0.238 0.250 0.782 0.910 0.634 0.958 0.934 0.791 0.922 0.151 0.883 0.214 0.844 0.965 0.279 0.181 0.466 0.041 0.990 0.274 0.396 0.932 0.067 0.302 0.105 0.969 0.217 0.486 0.572 0.510 0.533 0.858 0.928 0.476 0.685 0.881 0.676 0.037 0.825 0.460 0.679 0.644 0.304 0.899 0.393 0.156 0.095 0.016 0.849 0.349 0.288 0.264 0.373 0.132 0.344 0.113 0.165 0.972 0.257 0.753 0.867 0.685 0.075 0.420 0.179 0.937 0.844 0.339 0.113 0.079 0.327 0.360 0.583 0.846 0.605 0.371 0.526 0.515 0.023 0.448 0.906 0.859 0.772 0.731 0.859 0.919 0.506 0.033 0.353 0.392 0.472 0.342 0.213 0.943 0.623 0.095 0.539 0.074 0.821 0.086 0.765 0.421 0.121 0.236 0.979 0.030 0.510 0.855 0.413 0.177 0.068 0.586 0.304 0.164 0.515 0.252 0.696 0.889 0.595 0.072 0.352 0.195 0.798 0.679 0.172 0.536 0.714 0.835 0.255 0.943 0.038 0.081 0.413 0.316 0.595 0.163 0.399 0.557 0.178 0.591 0.948 0.798 0.901 0.281 0.386 0.890 0.989 0.821 0.136 0.254 0.087 0.384 0.622 0.994 0.936 0.568 0.198 0.590 0.038 0.958 0.482 0.487 0.906 0.162 0.836 0.702 0.888 0.901 0.359 0.302 0.354 0.846 0.442 0.638 0.884 0.032 0.102 0.116 0.264 0.129 0.763 0.845 0.174 0.581 0.213 0.076 0.440 0.642 0.043 0.630 0.960 0.530 0.776 0.849 0.456 0.827 0.181 0.517 0.352 0.864 0.436 0.369 0.077 0.365 0.028 0.130 
ofv: 988119.448934
Best time: 145.282
Total time:150.531 


Instance: /mnt/c/Users/felip/OneDrive/Documentos/GitHub/PO_Ball/Problems/Sequenciamento/instances/500_15.txt
RKO: SA | ILS | VNS | BRKGA | BRKGA-CS | PSO | GA | LNS | GRASP | IPR | 
Sol: 0.894 0.489 0.878 0.058 0.454 0.526 0.747 0.380 0.313 0.523 0.836 0.355 0.610 0.130 0.909 0.228 0.168 0.374 0.264 0.636 0.435 0.964 0.300 0.454 0.762 0.983 0.392 0.952 0.881 0.788 0.667 0.483 0.694 0.150 0.221 0.025 0.445 0.783 0.369 0.756 0.854 0.356 0.923 0.533 0.487 0.677 0.528 0.810 0.175 0.121 0.203 0.238 0.874 0.709 0.047 0.881 0.176 0.768 0.552 0.970 0.383 0.825 0.725 0.915 0.720 0.928 0.003 0.025 0.787 0.849 0.571 0.070 0.453 0.435 0.472 0.357 0.173 0.725 0.702 0.454 0.159 0.723 0.107 0.539 0.535 0.482 0.907 0.902 0.664 0.570 0.459 0.748 0.798 0.721 0.837 0.348 0.256 0.221 0.067 0.120 0.555 0.178 0.542 0.087 0.488 0.446 0.976 0.092 0.129 0.562 0.844 0.909 0.867 0.906 0.833 0.847 0.139 0.196 0.635 0.376 0.446 0.037 0.802 0.373 0.317 0.954 0.894 0.343 0.018 0.520 0.251 0.794 0.068 0.468 0.324 0.041 0.177 0.355 0.541 0.645 0.169 0.383 0.253 0.370 0.121 0.798 0.041 0.938 0.763 0.381 0.815 0.415 0.911 0.261 0.646 0.265 0.539 0.579 0.720 0.210 0.780 0.753 0.918 0.876 0.738 0.859 0.362 0.571 0.910 0.866 0.949 0.505 0.186 0.660 0.548 0.511 0.393 0.899 0.696 0.756 0.843 0.865 0.076 0.238 0.494 0.156 0.131 0.409 0.280 0.902 0.096 0.869 0.724 0.375 0.812 0.426 0.102 0.519 0.165 0.694 0.037 0.288 0.818 0.603 0.676 0.670 0.886 0.320 0.026 0.193 0.338 0.527 0.572 0.289 0.183 0.545 0.923 0.196 0.049 0.294 0.318 0.732 0.126 0.102 0.195 0.757 0.394 0.211 0.411 0.355 0.393 0.921 0.095 0.472 0.612 0.575 0.630 0.183 0.137 0.759 0.384 0.734 0.861 0.165 0.984 0.252 0.057 0.162 0.103 0.128 0.615 0.458 0.135 0.978 0.166 0.350 0.470 0.363 0.028 0.334 0.655 0.196 0.924 0.354 0.090 0.874 0.943 0.616 0.187 0.271 0.569 0.519 0.394 0.999 0.585 0.763 0.595 0.109 0.432 0.461 0.748 0.614 0.854 0.021 0.128 0.636 0.401 0.637 0.957 0.859 0.857 0.073 0.756 0.124 0.741 0.778 0.196 0.204 0.803 0.543 0.657 0.539 0.075 0.095 0.759 0.016 0.374 0.741 0.190 0.618 0.490 0.219 0.898 0.677 0.918 0.895 0.249 0.326 0.610 0.779 0.853 0.940 0.239 0.740 0.919 0.858 0.310 0.789 0.860 0.702 0.839 0.536 0.062 0.972 0.799 0.544 0.890 0.271 0.049 0.100 0.138 0.175 0.341 0.324 0.744 0.892 0.238 0.534 0.699 0.104 0.837 0.769 0.360 0.030 0.387 0.179 0.839 0.253 0.018 0.684 0.483 0.346 0.406 0.782 0.129 0.980 0.592 0.459 0.771 0.977 0.407 0.298 0.187 0.490 0.107 0.411 0.078 0.606 0.995 0.336 0.519 0.054 0.825 0.254 0.408 0.708 0.516 0.511 0.725 0.988 0.422 0.094 0.722 0.726 0.159 0.129 0.309 0.133 0.799 0.395 0.921 0.221 0.037 0.244 0.226 0.016 0.237 0.160 0.835 0.760 0.243 0.013 0.364 0.097 0.450 0.274 0.333 0.037 0.789 0.661 0.903 0.732 0.808 0.175 0.235 0.964 0.249 0.105 0.590 0.305 0.376 0.331 0.350 0.421 0.389 0.875 0.990 0.110 0.001 0.160 0.548 0.349 0.671 0.539 0.594 0.915 0.904 0.306 0.290 0.366 0.895 0.418 0.525 0.719 0.320 0.117 0.321 0.640 0.635 0.900 0.389 0.283 0.736 0.881 0.772 0.496 0.394 0.917 0.566 0.527 0.460 0.025 0.744 0.277 0.514 0.371 0.013 0.815 0.312 0.247 0.544 0.152 0.377 0.301 0.593 0.238 0.531 0.165 0.035 0.338 0.972 0.468 0.664 0.620 0.185 0.026 0.401 0.322 0.429 0.192 
ofv: 1132109.159983
Best time: 150.650
Total time:150.702 


Instance: /mnt/c/Users/felip/OneDrive/Documentos/GitHub/PO_Ball/Problems/Sequenciamento/instances/600_5.txt
RKO: SA | ILS | VNS | BRKGA | BRKGA-CS | PSO | GA | LNS | GRASP | IPR | 
Sol: 0.489 0.948 0.993 0.370 0.881 0.979 0.226 0.899 0.451 0.182 0.504 0.888 0.667 0.323 0.728 0.350 0.202 0.845 0.995 0.557 0.662 0.449 0.807 0.629 0.483 0.067 0.895 0.967 0.961 0.824 0.518 0.958 0.195 0.690 0.886 0.565 0.760 0.495 0.333 0.778 0.983 0.065 0.785 0.520 0.912 0.965 0.830 0.976 0.823 0.794 0.630 0.558 0.309 0.290 0.465 0.627 0.425 0.748 0.847 0.080 0.568 0.839 0.980 0.684 0.609 0.717 0.382 0.294 0.310 0.603 0.687 0.031 0.750 0.076 0.645 0.506 0.649 0.791 0.460 0.618 0.519 0.987 0.659 0.773 0.890 0.632 1.000 0.910 0.032 0.055 0.958 0.497 0.660 0.826 0.834 0.587 0.566 0.758 0.372 0.470 0.834 0.949 0.938 0.700 0.790 0.959 0.883 0.813 0.775 0.558 0.287 0.877 0.983 0.719 0.857 0.119 0.945 0.710 0.916 0.152 0.777 0.489 0.507 0.943 0.009 0.644 0.850 0.829 0.899 0.712 0.123 0.446 0.450 0.238 0.974 0.799 0.984 0.874 0.958 0.339 0.924 0.819 0.330 0.898 0.898 0.713 0.289 0.822 0.480 0.937 0.889 0.697 0.817 0.768 0.851 0.970 0.932 0.364 0.465 0.907 0.690 0.289 0.785 0.579 0.503 0.357 0.611 0.709 0.989 0.895 0.682 0.612 0.845 0.918 0.752 0.303 0.978 0.770 0.861 0.635 0.100 0.978 0.337 0.716 0.267 0.655 0.509 0.134 0.656 0.486 0.736 0.701 0.720 0.219 0.495 0.842 0.798 0.605 0.708 0.529 0.193 0.146 0.737 0.455 0.284 0.134 0.972 0.076 0.230 0.537 0.494 0.982 0.169 0.996 0.563 0.307 0.994 0.350 0.334 0.779 0.684 0.445 0.709 0.693 0.726 0.241 0.099 0.828 0.928 0.527 0.503 0.842 0.608 0.303 0.855 0.875 0.704 0.371 0.734 0.986 0.919 0.657 0.546 0.693 0.485 0.113 0.846 0.268 0.946 0.432 0.224 0.710 0.866 0.746 0.437 0.332 0.675 0.224 0.940 0.700 0.813 0.935 0.526 0.909 0.477 0.524 0.754 0.119 0.934 0.137 0.033 0.804 0.432 0.603 0.295 0.909 0.799 0.914 0.821 0.356 0.942 0.778 0.825 0.457 0.575 0.075 0.807 0.231 0.948 0.385 0.811 0.024 0.108 0.389 0.974 0.610 0.479 0.716 0.764 0.588 0.742 0.918 0.275 0.990 0.649 0.396 0.752 0.721 0.915 0.854 0.039 0.987 0.883 0.749 0.424 0.447 0.604 0.302 0.918 0.454 0.787 0.651 0.512 0.065 0.004 0.757 0.747 0.343 0.443 0.992 0.740 0.780 0.655 0.486 0.517 0.149 0.778 0.638 0.909 0.717 0.572 0.485 0.643 0.344 0.538 0.175 0.717 0.290 0.622 0.931 0.877 0.632 0.284 0.006 0.104 0.222 0.738 0.295 0.933 0.415 0.445 0.575 0.349 0.461 0.355 0.847 0.559 0.669 0.791 0.254 0.445 0.227 0.229 0.496 0.780 0.187 0.173 0.658 0.875 0.976 0.860 0.316 0.647 0.418 0.929 0.615 0.222 0.976 0.752 0.767 0.571 0.478 0.916 0.339 0.128 0.859 0.610 0.527 0.188 0.660 0.220 0.230 0.749 0.698 0.850 0.551 0.200 0.774 0.528 0.551 0.513 0.285 0.741 0.700 0.404 0.178 0.239 0.824 0.293 0.435 0.308 0.534 0.889 0.534 0.297 0.920 0.381 0.483 0.708 0.329 0.994 0.803 0.942 0.347 0.985 0.470 0.319 0.912 0.950 0.556 0.926 0.586 0.804 0.622 0.521 0.787 0.371 0.429 0.376 0.868 0.644 0.077 0.430 0.963 0.980 0.869 0.809 0.590 0.744 0.343 0.832 0.496 0.789 0.410 0.982 0.891 0.882 0.805 0.796 0.786 0.235 0.825 0.470 0.296 0.634 0.368 0.851 0.490 0.597 0.815 0.720 0.435 0.914 0.951 0.718 0.024 0.440 0.972 0.824 0.849 0.413 0.633 0.678 0.487 0.314 0.448 0.770 0.581 0.413 0.760 0.964 0.825 0.899 0.764 0.482 0.898 0.104 0.649 0.097 0.907 0.757 0.498 0.214 0.164 0.591 0.933 0.803 0.836 0.469 0.757 0.095 0.970 0.513 0.573 0.270 0.742 0.538 0.638 0.527 0.861 0.717 0.617 0.905 0.628 0.273 0.311 0.183 0.914 0.644 0.340 0.586 0.835 0.949 0.594 0.483 0.660 0.873 0.078 0.464 0.646 0.818 0.287 0.675 0.149 0.743 0.630 0.175 0.958 0.105 0.834 0.514 0.362 0.760 0.871 0.812 0.758 0.516 0.826 0.587 0.609 0.468 0.427 0.897 0.794 0.780 0.507 0.081 0.723 0.736 0.898 0.959 0.538 0.416 0.617 0.650 0.169 0.511 0.695 0.599 0.789 0.124 0.183 0.344 0.469 0.882 0.757 0.534 0.340 0.703 0.789 
ofv: 440060.962197
Best time: 150.807
Total time:150.887 


Instance: /mnt/c/Users/felip/OneDrive/Documentos/GitHub/PO_Ball/Problems/Sequenciamento/instances/100_5_v2.txt
RKO: SA | ILS | VNS | BRKGA | BRKGA-CS | PSO | GA | LNS | GRASP | IPR | 
Sol: 0.742 0.613 0.049 0.722 0.885 0.420 0.984 0.080 0.843 0.920 0.222 0.236 0.381 0.571 0.872 0.084 0.866 0.222 0.161 0.686 0.983 0.135 0.431 0.347 0.102 0.814 0.920 0.257 0.788 0.793 0.034 0.720 0.453 0.581 0.244 0.097 0.955 0.011 0.046 0.848 0.079 0.971 0.319 0.232 0.079 0.217 0.975 0.571 0.562 0.188 0.306 0.382 0.130 0.949 0.932 0.804 0.853 0.728 0.894 0.109 0.963 0.375 0.812 0.586 0.260 0.265 0.896 0.915 0.956 0.215 0.572 0.960 0.304 0.717 0.504 0.052 0.987 0.513 0.542 0.350 0.312 0.196 0.924 0.994 0.316 0.668 0.334 0.393 0.716 0.194 0.439 0.149 0.966 0.176 0.592 0.134 0.820 0.203 0.284 0.237 
ofv: 246.223479
Best time: 112.458
Total time:150.010 


Instance: /mnt/c/Users/felip/OneDrive/Documentos/GitHub/PO_Ball/Problems/Sequenciamento/instances/100_10_v2.txt
RKO: SA | ILS | VNS | BRKGA | BRKGA-CS | PSO | GA | LNS | GRASP | IPR | 
Sol: 0.049 0.942 0.337 0.222 0.008 0.480 0.540 0.137 0.131 0.163 0.412 0.255 0.675 0.138 0.127 0.732 0.082 0.585 0.850 0.051 0.911 0.119 0.005 0.129 0.140 0.958 0.698 0.043 0.621 0.714 0.838 0.463 0.835 0.072 0.903 0.373 0.833 0.703 0.446 0.703 0.344 0.775 0.938 0.487 0.037 0.454 0.613 0.276 0.538 0.005 0.963 0.019 0.368 0.150 0.952 0.055 0.002 0.124 0.359 0.982 0.423 0.887 0.117 0.097 0.200 0.590 0.612 0.355 0.991 0.259 0.785 0.933 0.232 0.523 0.485 0.546 0.309 0.170 0.191 0.728 0.007 0.808 0.723 0.378 0.763 0.267 0.403 0.488 0.634 0.866 0.565 0.690 0.153 0.437 0.454 0.439 0.303 0.298 0.982 0.620 
ofv: 205.360114
Best time: 125.931
Total time:150.007 


Instance: /mnt/c/Users/felip/OneDrive/Documentos/GitHub/PO_Ball/Problems/Sequenciamento/instances/100_15_v2.txt
RKO: SA | ILS | VNS | BRKGA | BRKGA-CS | PSO | GA | LNS | GRASP | IPR | 
Sol: 0.445 0.284 0.132 0.179 0.688 0.180 0.054 0.207 0.393 0.608 0.500 0.144 0.126 0.197 0.963 0.168 0.626 0.085 0.803 0.689 0.595 0.196 0.024 0.400 0.398 0.149 0.404 0.537 0.064 0.262 0.107 0.815 0.554 0.462 0.314 0.480 0.225 0.790 0.142 0.503 0.705 0.932 0.882 0.121 0.337 0.883 0.596 0.067 0.435 0.138 0.753 0.036 0.331 0.548 0.427 0.773 0.639 0.371 0.255 0.672 0.608 0.561 0.461 0.569 0.445 0.137 0.901 0.019 0.024 0.192 0.244 0.576 0.489 0.208 0.745 0.337 0.961 0.337 0.956 0.112 0.142 0.993 0.460 0.746 0.516 0.270 0.004 0.449 0.826 0.015 0.027 0.374 0.874 0.214 0.721 0.364 0.243 0.508 0.561 0.012 
ofv: 206.794934
Best time: 123.493
Total time:150.008 


Instance: /mnt/c/Users/felip/OneDrive/Documentos/GitHub/PO_Ball/Problems/Sequenciamento/instances/200_5_v2.txt
RKO: SA | ILS | VNS | BRKGA | BRKGA-CS | PSO | GA | LNS | GRASP | IPR | 
Sol: 0.862 0.873 0.629 0.280 0.564 0.418 0.353 0.334 0.159 0.596 0.078 0.631 0.744 0.057 0.405 0.841 0.818 0.771 0.583 0.098 0.751 0.697 0.598 0.605 0.767 0.969 0.036 0.204 0.499 0.825 0.051 0.072 0.622 0.002 0.084 0.689 0.934 0.670 0.368 0.114 0.622 0.957 0.309 0.844 0.054 0.439 0.053 0.728 0.562 0.087 0.828 0.027 0.806 0.571 0.950 0.726 0.344 0.493 0.871 0.295 0.862 0.599 0.697 0.755 0.295 0.576 0.592 0.030 0.050 0.121 0.383 0.580 0.001 0.268 0.098 0.855 0.546 0.478 0.579 0.600 0.283 0.174 0.421 0.961 0.355 0.122 0.810 0.257 0.001 0.098 0.196 0.262 0.591 0.163 0.176 0.868 0.616 0.731 0.232 0.533 0.239 0.239 0.105 0.399 0.579 0.484 0.287 0.545 0.275 0.553 0.382 0.577 0.661 0.761 0.427 0.331 0.488 0.589 0.368 0.272 0.896 0.348 0.734 0.099 0.858 0.038 0.883 0.187 0.090 0.145 0.862 0.554 0.170 0.810 0.262 0.554 0.793 0.334 0.330 0.395 0.882 0.018 0.388 0.565 0.268 0.535 0.698 0.577 0.838 0.421 0.178 0.893 0.806 0.415 0.031 0.355 0.818 0.133 0.570 0.121 0.588 0.196 0.683 0.934 0.092 0.217 0.716 0.548 0.025 0.249 0.056 0.725 0.957 0.121 0.164 0.691 0.357 0.323 0.220 0.055 0.631 0.399 0.083 0.801 0.290 0.172 0.765 0.061 0.660 0.367 0.004 0.181 0.590 0.130 0.802 0.053 0.844 0.816 0.836 0.626 
ofv: 487.921424
Best time: 132.634
Total time:150.031 


Instance: /mnt/c/Users/felip/OneDrive/Documentos/GitHub/PO_Ball/Problems/Sequenciamento/instances/200_10_v2.txt
RKO: SA | ILS | VNS | BRKGA | BRKGA-CS | PSO | GA | LNS | GRASP | IPR | 
Sol: 0.568 0.878 0.475 0.702 0.900 0.113 0.405 0.670 0.523 0.294 0.739 0.054 0.814 0.495 0.786 0.218 0.172 0.969 0.852 0.076 0.595 0.725 0.397 0.099 0.155 0.381 0.415 0.148 0.620 0.588 0.237 0.536 0.275 0.583 0.217 0.190 0.725 0.772 0.032 0.163 0.169 0.738 0.943 0.548 0.609 0.819 0.624 0.995 0.639 0.811 0.382 0.653 0.565 0.799 0.941 0.924 0.775 0.713 0.682 0.590 0.242 0.043 0.824 0.337 0.241 0.831 0.653 0.010 0.422 0.361 0.269 0.923 0.173 0.017 0.689 0.682 0.195 0.681 0.954 0.462 0.138 0.700 0.653 0.165 0.531 0.359 0.633 0.679 0.737 0.065 0.779 0.573 0.159 0.943 0.405 0.068 0.583 0.666 0.203 0.166 0.718 0.736 0.093 0.064 0.029 0.328 0.020 0.937 0.135 0.184 0.983 0.692 0.163 0.710 0.668 0.267 0.459 0.819 0.166 0.668 0.305 0.635 0.321 0.365 0.312 0.506 0.616 0.991 0.758 0.557 0.632 0.739 0.319 0.528 0.948 0.598 0.643 0.400 0.593 0.855 0.029 0.792 0.593 0.585 0.840 0.146 0.351 0.023 0.740 0.184 0.746 0.025 0.693 0.417 0.536 0.992 0.132 0.019 0.325 0.370 0.312 0.829 0.719 0.988 0.311 0.710 0.955 0.923 0.249 0.092 0.875 0.675 0.312 0.759 0.631 0.703 0.576 0.319 0.290 0.728 0.143 0.184 0.084 0.910 0.730 0.934 0.594 0.989 1.000 0.897 0.490 0.871 0.257 0.269 0.544 0.424 0.018 0.629 0.695 0.398 
ofv: 471.205128
Best time: 149.424
Total time:150.043 


Instance: /mnt/c/Users/felip/OneDrive/Documentos/GitHub/PO_Ball/Problems/Sequenciamento/instances/200_15_v2.txt
RKO: SA | ILS | VNS | BRKGA | BRKGA-CS | PSO | GA | LNS | GRASP | IPR | 
Sol: 0.854 0.431 0.924 0.982 0.844 0.711 0.152 0.136 0.935 0.913 0.941 0.942 0.020 0.990 0.952 0.455 0.764 0.092 0.322 0.053 0.523 0.452 0.957 0.218 0.042 0.644 0.452 0.267 0.588 0.105 0.790 0.443 0.568 0.954 0.327 0.325 0.509 0.482 0.812 0.391 0.312 0.468 0.600 0.470 0.310 0.066 0.419 0.703 0.439 0.401 0.972 0.704 0.442 0.717 0.344 0.376 0.020 0.161 0.859 0.857 0.146 0.569 0.486 0.387 0.667 0.821 0.802 0.575 0.750 0.432 0.449 0.437 0.591 0.390 0.450 0.559 0.165 0.200 0.152 0.796 0.209 0.307 0.349 0.634 0.658 0.088 0.552 0.882 0.449 0.241 0.193 0.707 0.390 0.861 0.179 0.868 0.427 0.990 0.404 0.317 0.897 0.872 0.383 0.013 0.359 0.802 0.036 0.819 0.725 0.645 0.549 0.283 0.208 0.187 0.600 0.307 0.229 0.070 0.198 0.838 0.280 0.066 0.508 0.563 0.544 0.694 0.872 0.375 0.471 0.024 0.980 0.938 0.554 0.100 0.418 0.274 0.514 0.181 0.989 0.514 0.185 0.167 0.237 0.279 0.407 0.712 0.568 0.099 0.899 0.302 0.404 0.922 0.985 0.298 0.442 0.923 0.188 0.652 0.849 0.240 0.399 0.218 0.152 0.659 0.078 0.130 0.996 0.376 0.570 0.862 0.871 0.080 0.419 0.767 0.147 0.117 0.056 0.547 0.470 0.996 0.772 0.116 0.551 0.921 0.744 0.227 0.256 0.370 0.792 0.395 0.771 0.486 0.311 0.010 0.114 0.669 0.471 0.643 0.310 0.027 
ofv: 393.529384
Best time: 148.452
Total time:150.063 


Instance: /mnt/c/Users/felip/OneDrive/Documentos/GitHub/PO_Ball/Problems/Sequenciamento/instances/300_5_v2.txt
RKO: SA | ILS | VNS | BRKGA | BRKGA-CS | PSO | GA | LNS | GRASP | IPR | 
Sol: 0.637 0.160 0.003 0.600 0.751 0.684 0.093 0.925 0.955 0.522 0.216 0.860 0.042 0.745 0.502 0.246 0.928 0.756 0.026 0.248 0.839 0.909 0.801 0.933 0.638 0.632 0.144 0.339 0.142 0.021 0.367 0.230 0.094 0.064 0.078 0.602 0.244 0.990 0.964 0.000 0.943 0.284 0.857 0.327 0.215 0.858 0.429 0.680 0.253 0.188 0.431 0.503 0.398 0.566 0.710 0.134 0.970 0.927 0.433 0.143 0.080 0.254 0.685 0.439 0.202 0.469 0.851 0.954 0.579 0.290 0.463 0.866 0.987 0.923 0.822 0.788 0.735 0.017 0.537 0.517 0.614 0.946 0.688 0.426 0.214 0.937 0.332 0.690 0.755 0.937 0.369 0.956 0.902 0.690 0.023 0.334 0.135 0.115 0.659 0.805 0.720 0.907 0.292 0.259 0.304 0.066 0.661 0.073 0.750 0.984 0.482 0.702 0.697 0.382 0.775 0.037 0.978 0.879 0.990 0.887 0.404 0.435 0.347 0.994 0.428 0.162 0.340 0.284 0.850 0.009 0.519 0.249 0.236 0.378 0.484 0.608 0.023 0.762 0.192 0.438 0.841 0.864 0.385 0.657 0.860 0.915 0.838 0.736 0.506 0.555 0.135 0.820 0.337 0.299 0.297 0.120 0.374 0.785 0.676 0.930 0.752 0.028 0.237 0.997 0.252 0.894 0.091 0.313 0.324 0.049 0.856 0.804 0.928 0.794 0.196 0.683 0.553 0.946 0.820 0.206 0.605 0.271 0.349 0.070 0.170 0.487 0.658 0.972 0.679 0.940 0.374 0.967 0.512 0.981 0.528 0.419 0.808 0.846 0.834 0.962 0.006 0.800 0.627 0.846 0.037 0.640 0.757 0.966 0.519 0.956 0.005 0.928 0.251 0.854 0.027 0.912 0.673 0.184 0.853 0.807 0.802 0.295 0.377 0.948 0.889 0.831 0.433 0.687 0.564 0.726 0.068 0.961 0.355 0.967 0.157 0.191 0.673 0.716 0.818 0.974 0.087 0.884 0.045 0.523 0.046 0.285 0.842 0.473 0.509 0.652 0.427 0.659 0.397 0.738 0.292 0.970 0.375 0.726 0.077 0.241 0.304 0.590 0.935 0.732 0.437 0.764 0.283 0.923 0.978 0.115 0.135 0.305 0.229 0.287 0.510 0.216 0.134 0.893 0.841 0.164 0.855 0.478 0.479 0.564 0.516 0.946 0.211 0.154 0.195 0.801 0.580 0.258 0.506 0.179 0.492 0.487 0.817 0.784 0.991 0.518 
ofv: 681.035106
Best time: 148.173
Total time:150.143 


Instance: /mnt/c/Users/felip/OneDrive/Documentos/GitHub/PO_Ball/Problems/Sequenciamento/instances/300_10_v2.txt
RKO: SA | ILS | VNS | BRKGA | BRKGA-CS | PSO | GA | LNS | GRASP | IPR | 
Sol: 0.573 0.083 0.431 0.783 0.499 0.158 0.420 0.863 0.240 0.090 0.532 0.694 0.445 0.924 0.372 0.472 0.768 0.098 0.913 0.074 0.426 0.606 0.321 0.275 0.662 0.902 0.518 0.155 0.259 0.877 0.330 0.784 0.245 0.540 0.427 0.059 0.480 0.190 0.587 0.488 0.451 0.241 0.035 0.164 0.227 0.049 0.178 0.038 0.529 0.519 0.065 0.503 0.953 0.257 0.994 0.817 0.600 0.983 0.654 0.980 0.059 0.233 0.868 0.994 0.987 0.831 0.523 0.703 0.911 0.833 0.598 0.788 0.827 0.989 0.927 0.466 0.952 0.156 0.980 0.824 0.809 0.746 0.208 0.157 0.885 0.015 0.951 0.717 0.066 0.597 0.531 0.119 0.400 0.702 0.476 0.819 0.322 0.693 0.245 0.513 0.698 0.441 0.853 0.033 0.495 0.386 0.267 0.433 0.271 0.692 0.419 0.384 0.676 0.153 0.142 0.765 0.110 0.522 0.332 0.989 0.946 0.695 0.866 0.720 0.871 0.986 0.882 0.838 0.520 0.897 0.965 0.307 0.751 0.724 0.865 0.049 0.106 0.884 0.892 0.100 0.059 0.091 0.365 0.843 0.998 0.527 0.806 0.766 0.871 0.728 0.712 0.480 0.521 0.017 0.231 0.002 0.008 0.974 0.173 0.987 0.599 0.666 0.875 0.387 0.251 0.314 0.920 0.611 0.657 0.768 0.145 0.274 0.047 0.316 0.358 0.176 0.278 0.189 0.423 0.539 0.507 0.433 0.125 0.462 0.484 0.894 0.778 0.200 0.486 0.143 0.172 0.259 0.005 0.847 0.597 0.144 0.274 0.324 0.206 0.294 0.997 0.565 0.216 0.334 0.353 0.969 0.633 0.877 0.775 0.659 0.589 0.510 0.383 0.046 0.209 0.645 0.687 0.367 0.835 0.609 0.157 0.461 0.729 0.815 0.763 0.451 0.344 0.164 0.555 0.835 0.592 0.497 0.575 0.682 0.548 0.848 0.499 0.822 0.939 0.566 0.041 0.628 0.858 0.588 0.118 0.024 0.280 0.054 0.082 0.981 0.338 0.154 0.518 0.148 0.362 0.093 0.186 0.310 0.345 0.463 0.245 0.389 0.067 0.532 0.503 0.365 0.098 0.667 0.351 0.825 0.856 0.261 0.245 0.195 0.674 0.814 0.857 0.234 0.894 0.355 0.649 0.080 0.851 0.541 0.010 0.558 0.761 0.411 0.401 0.405 0.200 0.703 0.402 0.436 0.012 0.723 0.991 0.141 0.454 0.737 
ofv: 688.351386
Best time: 148.787
Total time:150.171 


Instance: /mnt/c/Users/felip/OneDrive/Documentos/GitHub/PO_Ball/Problems/Sequenciamento/instances/300_15_v2.txt
RKO: SA | ILS | VNS | BRKGA | BRKGA-CS | PSO | GA | LNS | GRASP | IPR | 
Sol: 0.575 0.828 0.076 0.019 0.078 0.917 0.062 0.538 0.436 0.491 0.990 0.371 0.578 0.493 0.012 0.313 0.422 0.310 0.693 0.308 0.641 0.960 0.532 0.569 0.480 0.386 0.799 0.994 0.534 0.152 0.618 0.572 0.608 0.220 0.854 0.874 0.595 0.199 0.586 0.473 0.709 0.295 0.140 0.168 0.847 0.986 0.160 0.303 0.856 0.972 0.949 0.076 0.085 0.404 0.002 0.237 0.207 0.010 0.129 0.036 0.733 0.746 0.075 0.103 0.245 0.715 0.814 0.132 0.173 0.005 0.249 0.311 0.007 0.583 0.238 0.542 0.304 0.150 0.666 0.591 0.493 0.802 0.800 0.133 0.801 0.897 0.442 0.427 0.102 0.490 0.404 0.222 0.397 0.903 0.748 0.459 0.901 0.499 0.061 0.143 0.520 0.028 0.458 0.255 0.420 0.882 0.760 0.108 0.779 0.776 0.393 0.864 0.453 0.736 0.124 0.563 0.848 0.914 0.256 0.429 0.614 0.610 0.430 0.237 0.677 0.361 0.572 0.150 0.433 0.754 0.175 0.074 0.785 0.426 0.331 0.900 0.378 0.562 0.771 0.140 0.658 0.466 0.217 0.818 0.552 0.629 0.896 0.419 0.404 0.391 0.307 0.222 0.193 0.009 0.383 0.263 0.963 0.013 0.762 0.974 0.709 0.577 0.985 0.861 0.365 0.380 0.362 0.501 0.693 0.424 0.249 0.884 0.829 0.966 0.979 0.787 0.068 0.114 0.140 0.440 0.523 0.977 0.362 0.705 0.041 0.891 0.515 0.071 0.128 0.832 0.342 0.985 0.872 0.583 0.058 0.505 0.035 0.446 0.858 0.801 0.161 0.004 0.117 0.037 0.640 0.699 0.921 0.715 0.404 0.622 0.467 0.723 0.531 0.588 0.127 0.282 0.896 0.115 0.472 0.678 0.853 0.531 0.684 0.218 0.181 0.408 0.381 0.851 0.237 0.403 0.147 0.881 0.864 0.329 0.364 0.268 0.272 0.836 0.987 0.384 0.738 0.621 0.781 0.433 0.667 0.274 0.339 0.137 0.525 0.375 0.770 0.592 0.437 0.891 0.359 0.013 0.437 0.277 0.170 0.527 0.303 0.805 0.151 0.402 0.781 0.721 0.061 0.600 0.714 0.477 0.111 0.259 0.239 0.243 0.057 0.128 0.193 0.426 0.790 0.299 0.546 0.994 0.474 0.657 0.542 0.954 0.247 0.676 0.680 0.704 0.681 0.230 0.829 0.605 0.626 0.930 0.512 0.087 0.869 0.784 
ofv: 700.197972
Best time: 148.423
Total time:150.210 


Instance: /mnt/c/Users/felip/OneDrive/Documentos/GitHub/PO_Ball/Problems/Sequenciamento/instances/400_5_v2.txt
RKO: SA | ILS | VNS | BRKGA | BRKGA-CS | PSO | GA | LNS | GRASP | IPR | 
Sol: 0.029 0.769 0.299 0.793 0.286 0.502 0.510 0.152 0.179 0.730 0.120 0.657 0.446 0.743 0.741 0.964 0.564 0.140 0.228 0.283 0.683 0.153 0.692 0.801 0.478 0.137 0.657 0.472 0.485 0.167 0.504 0.299 0.503 0.769 0.778 0.853 0.795 0.146 0.309 0.839 0.494 0.766 0.889 0.112 0.503 0.266 0.272 0.534 0.654 0.704 0.333 0.146 0.169 0.753 0.417 0.179 0.574 0.107 0.856 0.356 0.398 0.617 0.107 0.959 0.220 0.943 0.032 0.645 0.159 0.976 0.352 0.987 0.022 0.556 0.376 0.819 0.341 0.355 0.720 0.773 0.979 0.757 0.159 0.064 0.470 0.961 0.249 0.125 0.472 0.070 0.149 0.870 0.527 0.833 0.762 0.968 0.870 0.942 0.124 0.765 0.055 0.004 0.152 0.756 0.864 0.615 0.521 0.280 0.125 0.729 0.335 0.726 0.761 0.365 0.791 0.537 0.514 0.804 0.807 0.731 0.918 0.041 0.004 0.467 0.747 0.796 0.958 0.315 0.812 0.822 0.989 0.957 0.433 0.357 0.170 0.159 0.028 0.558 0.350 0.586 0.676 0.319 0.977 0.191 0.329 0.948 0.941 0.566 0.662 0.294 0.955 0.597 0.439 0.845 0.907 0.254 0.794 0.747 0.536 0.428 0.873 0.929 0.141 0.735 0.635 0.374 0.471 0.048 0.069 0.126 0.826 0.136 0.065 0.121 0.181 0.765 0.002 0.783 0.069 0.290 0.488 0.088 0.577 0.733 0.522 0.913 0.975 0.492 0.617 0.278 0.402 0.576 0.639 0.529 0.671 0.364 0.322 0.953 0.889 0.931 0.354 0.983 0.355 0.815 0.023 0.821 0.584 0.392 0.375 0.908 0.648 0.295 0.008 0.496 0.188 0.053 0.174 0.403 0.108 0.207 0.641 0.617 0.731 0.256 0.799 0.238 0.376 0.468 0.111 0.569 0.990 0.121 0.918 0.780 0.269 0.379 0.458 0.975 0.340 0.605 0.589 0.958 0.132 0.345 0.274 0.079 0.472 0.299 0.116 0.656 0.116 0.124 0.173 0.151 0.806 0.102 0.185 0.835 0.900 0.568 0.829 0.521 0.960 0.441 0.464 0.988 0.053 0.988 0.996 0.381 0.823 0.400 0.692 0.163 0.129 0.146 0.737 0.447 0.942 0.322 0.293 0.577 0.097 0.162 0.670 0.423 0.025 0.951 0.895 0.151 0.049 0.225 0.464 0.566 0.476 0.762 0.394 0.694 0.414 0.919 0.914 0.566 0.552 0.838 0.796 0.134 0.646 0.893 0.628 0.073 0.491 0.919 0.038 0.444 0.891 0.731 0.957 0.179 0.006 0.980 0.745 0.912 0.804 0.697 0.072 0.254 0.650 0.053 0.155 0.572 0.446 0.367 0.534 0.414 0.669 0.896 0.963 0.220 0.109 0.041 0.905 0.060 0.214 0.715 0.545 0.834 0.208 0.917 0.276 0.589 0.736 0.233 0.511 0.644 0.189 0.564 0.248 0.315 0.030 0.355 0.648 0.596 0.686 0.747 0.658 0.465 0.707 0.065 0.626 0.791 0.195 0.064 0.585 0.298 0.262 0.071 0.874 0.841 0.060 0.544 0.639 0.588 0.882 0.188 0.532 0.510 0.765 0.665 0.507 0.671 0.400 0.914 0.414 0.722 0.319 0.519 0.134 0.871 0.038 0.067 
ofv: 908.045073
Best time: 150.225
Total time:150.337 


Instance: /mnt/c/Users/felip/OneDrive/Documentos/GitHub/PO_Ball/Problems/Sequenciamento/instances/400_10_v2.txt
RKO: SA | ILS | VNS | BRKGA | BRKGA-CS | PSO | GA | LNS | GRASP | IPR | 
Sol: 0.272 0.425 0.486 0.302 0.925 0.142 0.030 0.450 0.220 0.403 0.675 0.588 0.084 0.356 0.197 0.855 0.899 0.243 0.398 0.455 0.796 0.411 0.191 0.537 0.466 0.682 0.040 0.987 0.650 0.262 0.065 0.828 0.962 0.690 0.810 0.432 0.856 0.806 0.645 0.535 0.156 0.425 0.100 0.883 0.676 0.500 0.500 0.809 0.358 0.811 0.726 0.992 0.023 0.031 0.413 0.992 0.425 0.339 0.173 0.943 0.516 0.224 0.373 0.825 0.754 0.400 0.088 0.724 0.497 0.073 0.142 0.584 0.648 0.029 0.566 0.705 0.909 0.756 0.255 0.292 0.662 0.510 0.022 0.767 0.711 0.059 0.778 0.764 0.261 0.467 0.320 0.752 0.952 0.099 0.619 0.274 0.476 0.936 0.927 0.087 0.664 0.739 0.161 0.350 0.709 0.741 0.072 0.691 0.564 0.670 0.272 0.521 0.639 0.352 0.866 0.016 0.269 0.852 0.310 0.476 0.560 0.286 0.168 0.553 0.527 0.297 0.360 0.289 0.701 0.567 0.795 0.817 0.228 0.732 0.826 0.980 0.408 0.196 0.689 0.518 0.825 0.869 0.505 0.080 0.477 0.146 0.919 0.822 0.768 0.351 0.371 0.442 0.058 0.005 0.127 0.148 0.594 0.581 0.828 0.791 0.360 0.652 0.380 0.320 0.292 0.711 0.894 0.268 0.680 0.709 0.571 0.822 0.601 0.231 0.604 0.284 0.911 0.825 0.056 0.122 0.889 0.575 0.248 0.226 0.296 0.316 0.576 0.075 0.665 0.077 0.632 0.104 0.260 0.035 0.458 0.423 0.599 0.351 0.295 0.988 0.119 0.610 0.916 0.664 0.169 0.794 0.157 0.467 0.293 0.809 0.724 0.234 0.769 0.272 0.274 0.020 0.094 0.164 0.070 0.241 0.577 0.972 0.929 0.740 0.127 0.026 0.268 0.333 0.334 0.210 0.742 0.470 0.854 0.378 0.879 0.034 0.236 0.573 0.082 0.827 0.653 0.207 0.206 0.752 0.534 0.430 0.930 0.217 0.826 0.790 0.955 0.347 0.950 0.777 0.107 0.289 0.994 0.764 0.507 0.983 0.770 0.823 0.382 0.741 0.099 0.828 0.134 0.477 0.492 0.261 0.436 0.383 0.695 0.664 0.267 0.451 0.978 0.877 0.274 0.199 0.875 0.355 0.854 0.098 0.691 0.797 0.701 0.147 0.267 0.436 0.146 0.848 0.676 0.740 0.922 0.588 0.674 0.130 0.171 0.060 0.274 0.132 0.739 0.263 0.067 0.425 0.629 0.473 0.951 0.856 0.560 0.943 0.329 0.821 0.394 0.209 0.780 0.519 0.769 0.694 0.369 0.854 0.923 0.133 0.962 0.431 0.256 0.582 0.162 0.853 0.407 0.941 0.391 0.280 0.215 0.272 0.250 0.804 0.592 0.233 0.018 0.487 0.479 0.470 0.418 0.767 0.871 0.106 0.213 0.154 0.345 0.010 0.353 0.837 0.553 0.936 0.468 0.183 0.010 0.934 0.030 0.774 0.708 0.006 0.850 0.907 0.747 0.757 0.479 0.056 0.339 0.853 0.667 0.361 0.583 0.285 0.427 0.619 0.651 0.126 0.198 0.805 0.793 0.006 0.750 0.211 0.817 0.478 0.132 0.729 0.034 0.006 0.880 0.648 0.064 0.896 0.501 0.584 0.412 0.197 
ofv: 889.907187
Best time: 150.379
Total time:150.413 


Instance: /mnt/c/Users/felip/OneDrive/Documentos/GitHub/PO_Ball/Problems/Sequenciamento/instances/400_15_v2.txt
RKO: SA | ILS | VNS | BRKGA | BRKGA-CS | PSO | GA | LNS | GRASP | IPR | 
Sol: 0.606 0.945 0.131 0.373 0.421 0.817 0.436 0.012 0.665 0.625 0.504 0.193 0.894 0.623 0.111 0.430 0.498 0.840 0.436 0.545 0.720 0.379 0.269 0.780 0.134 0.358 0.366 0.730 0.757 0.063 0.330 0.959 0.126 0.978 0.209 0.307 0.383 0.051 0.747 0.345 0.254 0.092 0.856 0.141 0.613 0.847 0.131 0.976 0.416 0.509 0.094 0.585 0.485 0.252 0.457 0.961 0.404 0.607 0.463 0.166 0.749 0.391 0.197 0.252 0.632 0.056 0.344 0.144 0.944 0.896 0.191 0.372 0.315 0.667 0.633 0.439 0.393 0.652 0.304 0.204 0.705 0.437 0.108 0.940 0.478 0.890 0.100 0.116 0.935 0.366 0.239 0.082 0.383 0.470 0.541 0.848 0.234 0.620 0.898 0.804 0.865 0.494 0.239 0.872 0.356 0.945 0.801 0.952 0.511 0.727 0.968 0.962 0.624 0.242 0.737 0.897 0.145 0.456 0.546 0.927 0.855 0.792 0.817 0.467 0.890 0.280 0.167 0.058 0.086 0.715 0.394 0.700 0.237 0.515 0.299 0.741 0.904 0.421 0.377 0.165 0.917 0.822 0.007 0.926 0.189 0.796 0.752 0.534 0.599 0.137 0.879 0.960 0.697 0.392 0.413 0.812 0.906 0.363 0.130 0.834 0.810 0.244 0.713 0.377 0.469 0.370 0.387 0.932 0.270 0.515 0.969 0.023 0.114 0.973 0.000 0.245 0.379 0.761 0.235 0.862 0.783 0.098 0.319 0.301 0.161 0.900 0.741 0.117 0.634 0.503 0.050 0.229 0.738 0.452 0.787 0.105 0.878 0.768 0.284 0.068 0.439 0.591 0.434 0.844 0.440 0.693 0.592 0.297 0.753 0.054 0.228 0.124 0.373 0.416 0.087 0.036 0.141 0.363 0.949 0.457 0.474 0.653 0.488 0.746 0.865 0.545 0.223 0.487 0.127 0.535 0.514 0.440 0.588 0.429 0.989 0.540 0.345 0.064 0.798 0.639 0.159 0.841 0.365 0.725 0.437 0.808 0.181 0.762 0.286 0.022 0.860 0.743 0.668 0.821 0.978 0.854 0.099 0.932 0.802 0.861 0.959 0.060 0.282 0.804 0.393 0.788 0.981 0.469 0.958 0.041 0.661 0.275 0.419 0.693 0.445 0.926 0.499 0.338 0.892 0.257 0.298 0.158 0.592 0.160 0.233 0.898 0.066 0.779 0.112 0.513 0.107 0.648 0.836 0.057 0.013 0.295 0.364 0.234 0.464 0.175 0.907 0.102 0.033 0.223 0.227 0.205 0.782 0.793 0.472 0.939 0.152 0.918 0.315 0.574 0.116 0.810 0.504 0.051 0.117 0.453 0.521 0.782 0.594 0.635 0.770 0.894 0.798 0.191 0.509 0.171 0.737 0.078 0.059 0.795 0.173 0.893 0.327 0.172 0.717 0.181 0.203 0.831 0.744 0.969 0.020 0.495 0.520 0.954 0.304 0.639 0.098 0.491 0.036 0.842 0.948 0.069 0.966 0.868 0.274 0.193 0.776 0.912 0.150 0.943 0.039 0.430 0.511 0.440 0.210 0.389 0.809 0.795 0.954 0.415 0.885 0.139 0.611 0.387 0.219 0.534 0.688 0.000 0.636 0.929 0.096 0.281 0.090 0.733 0.201 0.565 0.886 0.824 0.092 0.324 0.040 0.454 0.992 0.355 0.708 0.639 
ofv: 885.191004
Best time: 150.318
Total time:150.397 


Instance: /mnt/c/Users/felip/OneDrive/Documentos/GitHub/PO_Ball/Problems/Sequenciamento/instances/500_5_v2.txt
RKO: SA | ILS | VNS | BRKGA | BRKGA-CS | PSO | GA | LNS | GRASP | IPR | 
Sol: 0.090 0.317 0.080 0.080 0.713 0.238 0.738 0.735 0.720 0.711 0.581 0.343 0.807 0.615 0.362 0.083 0.675 0.162 0.424 0.006 0.264 0.195 0.750 0.796 0.351 0.476 0.811 0.961 0.414 0.118 0.091 0.348 0.639 0.846 0.081 0.960 0.326 0.125 0.261 0.969 0.597 0.249 0.053 0.101 0.635 0.161 0.804 0.257 0.579 0.251 0.930 0.362 0.683 0.639 0.710 0.773 0.818 0.232 0.746 0.814 0.289 0.924 0.383 0.417 0.522 0.666 0.309 0.794 0.141 0.623 0.698 0.127 0.176 0.318 0.153 0.125 0.981 0.746 0.844 0.605 0.337 0.803 0.872 0.486 0.975 0.593 0.330 0.415 0.297 0.269 0.337 0.746 0.770 0.123 0.060 0.339 0.066 0.793 0.478 0.145 0.249 0.433 0.667 0.538 0.395 0.287 0.368 0.250 0.953 0.693 0.164 0.660 0.860 0.695 0.627 0.046 0.116 0.356 0.601 0.945 0.696 0.724 0.325 0.292 0.567 0.798 0.595 0.356 0.419 0.394 0.392 0.393 0.828 0.151 0.659 0.289 0.103 0.147 0.343 0.773 0.187 0.295 0.331 0.413 0.443 0.745 0.770 0.187 0.389 0.857 0.021 0.971 0.287 0.588 0.498 0.207 0.852 0.952 0.845 0.416 0.942 0.408 0.786 0.650 0.698 0.752 0.304 0.903 0.040 0.926 0.330 0.989 0.885 0.729 0.728 0.437 0.254 0.312 0.628 0.468 0.606 0.791 0.429 0.612 0.425 0.843 0.731 0.273 0.910 0.813 0.096 0.936 0.409 0.319 0.588 0.914 0.280 0.232 0.905 0.123 0.537 0.465 0.056 0.370 0.682 0.736 0.675 0.490 0.606 0.811 0.021 0.948 0.269 0.930 0.861 0.794 0.945 0.090 0.059 0.150 0.017 0.574 0.327 0.846 0.461 0.577 0.045 0.837 0.488 0.750 0.330 0.603 0.219 0.932 0.923 0.528 0.115 0.077 0.530 0.058 0.558 0.378 0.047 0.154 0.438 0.538 0.342 0.699 0.121 0.703 0.371 0.463 0.318 0.626 0.529 0.961 0.893 0.585 0.028 0.590 0.794 0.743 0.715 0.206 0.699 0.249 0.597 0.608 0.873 0.690 0.187 0.093 0.441 0.732 0.852 0.338 0.057 0.354 0.968 0.184 0.569 0.162 0.520 0.620 0.119 0.511 0.539 0.579 0.478 0.470 0.811 0.534 0.159 0.309 0.452 0.714 0.250 0.008 0.800 0.847 0.724 0.884 0.696 0.610 0.202 0.565 0.578 0.696 0.666 0.339 0.743 0.844 0.055 0.719 0.208 0.740 0.521 0.587 0.943 0.537 0.749 0.108 0.756 0.874 0.823 0.968 0.424 0.058 0.353 0.691 0.248 0.555 0.941 0.611 0.597 0.852 0.437 0.264 0.350 0.299 0.145 0.143 0.423 0.115 0.235 0.582 0.042 0.402 0.075 0.886 0.278 0.743 0.183 0.223 0.166 0.799 0.278 0.090 0.340 0.774 0.861 0.707 0.616 0.800 0.052 0.185 0.611 0.885 0.124 0.194 0.333 0.277 0.236 0.092 0.909 0.035 0.112 0.018 0.328 0.355 0.393 0.427 0.456 0.281 0.409 0.488 0.547 0.348 0.544 0.826 0.453 0.995 0.306 0.555 0.191 0.404 0.285 0.741 0.596 0.416 0.581 0.873 0.913 0.035 0.300 0.422 0.561 0.444 0.730 0.542 0.354 0.134 0.393 0.113 0.408 0.205 0.128 0.510 0.426 0.911 0.194 0.121 0.303 0.611 0.863 0.199 0.037 0.397 0.725 0.513 0.881 0.504 0.016 0.588 0.733 0.430 0.357 0.042 0.907 0.172 0.661 0.589 0.797 0.169 0.067 0.188 0.564 0.876 0.975 0.058 0.780 0.516 0.331 0.879 0.932 0.799 0.100 0.364 0.667 0.410 0.571 0.280 0.344 0.914 0.843 0.748 0.911 0.238 0.761 0.712 0.442 0.159 0.500 0.713 0.050 0.351 0.213 0.029 0.188 0.898 0.742 0.376 0.592 0.067 0.224 0.063 0.880 0.417 0.718 0.166 0.183 0.712 0.448 0.231 0.189 0.677 0.298 0.977 0.551 0.864 
ofv: 1039.545474
Best time: 150.606
Total time:150.673 


Instance: /mnt/c/Users/felip/OneDrive/Documentos/GitHub/PO_Ball/Problems/Sequenciamento/instances/500_10_v2.txt
RKO: SA | ILS | VNS | BRKGA | BRKGA-CS | PSO | GA | LNS | GRASP | IPR | 
Sol: 0.704 0.756 0.242 0.939 0.422 0.186 0.611 0.757 0.588 0.218 0.616 0.851 0.540 0.085 0.028 0.418 0.355 0.273 0.410 0.585 0.899 0.089 0.278 0.699 0.021 0.715 0.743 0.180 0.103 0.895 0.264 0.959 0.045 0.199 0.339 0.391 0.274 0.765 0.957 0.078 0.340 0.768 0.710 0.466 0.434 0.458 0.454 0.933 0.041 0.987 0.232 0.519 0.735 0.454 0.465 0.710 0.488 0.971 0.854 0.367 0.493 0.151 0.887 0.176 0.476 0.908 0.835 0.687 0.880 0.229 0.770 0.655 0.468 0.233 0.450 0.757 0.806 0.076 0.047 0.938 0.261 0.544 0.651 0.224 0.878 0.322 0.340 0.914 0.463 0.603 0.301 0.174 0.227 0.676 0.538 0.889 0.772 0.867 0.395 0.888 0.504 0.847 0.776 0.746 0.477 0.490 0.611 0.897 0.784 0.622 0.375 0.319 0.479 0.627 0.097 0.316 0.096 0.936 0.310 0.172 0.480 0.054 0.490 0.915 0.522 0.065 0.077 0.946 0.023 0.749 0.812 0.197 0.069 0.020 0.929 0.271 0.071 0.205 0.783 0.577 0.512 0.986 0.868 0.803 0.259 0.806 0.247 0.904 0.051 0.815 0.657 0.040 0.449 0.196 0.905 0.217 0.202 0.207 0.915 0.304 0.466 0.358 0.401 0.179 0.538 0.222 0.159 0.532 0.761 0.160 0.493 0.833 0.583 0.350 0.317 0.315 0.395 0.599 0.716 0.985 0.036 0.230 0.023 0.049 0.008 0.567 0.291 0.646 0.543 0.073 0.028 0.511 0.138 0.153 0.769 0.878 0.938 0.200 0.587 0.477 0.129 0.790 0.288 0.099 0.409 0.674 0.597 0.030 0.469 0.379 0.286 0.522 0.497 0.465 0.914 0.926 0.492 0.804 0.236 0.057 0.579 0.143 0.693 0.396 0.024 0.782 0.795 0.671 0.241 0.457 0.561 0.019 0.568 0.662 0.985 0.114 0.460 0.461 0.596 0.910 0.048 0.591 0.922 0.789 0.622 0.852 0.014 0.886 0.500 0.355 0.036 0.256 0.747 0.723 0.682 0.033 0.891 0.254 0.017 0.771 0.203 0.733 0.398 0.336 0.627 0.169 0.515 0.599 0.883 0.522 0.693 0.167 0.204 0.217 0.252 0.474 0.990 0.083 0.728 0.408 0.649 0.712 0.217 0.737 0.639 0.632 0.088 0.616 0.790 0.702 0.620 0.894 0.732 0.943 0.984 0.855 0.214 0.634 0.305 0.652 0.613 0.146 0.410 0.069 0.052 0.620 0.265 0.116 0.255 0.092 0.109 0.441 0.831 0.863 0.781 0.080 0.610 0.272 0.704 0.509 0.858 0.339 0.704 0.027 0.054 0.469 0.130 0.652 0.610 0.108 0.707 0.982 0.195 0.389 0.534 0.918 0.811 0.376 0.629 0.461 0.798 0.336 0.590 0.047 0.437 0.209 0.961 0.193 0.594 0.204 0.947 0.346 0.359 0.011 0.167 0.327 0.604 0.797 0.526 0.778 0.710 0.541 0.163 0.899 0.933 0.095 0.102 0.691 0.172 0.043 0.472 0.438 0.691 0.585 0.680 0.838 0.603 0.076 0.089 0.872 0.890 0.387 0.609 0.486 0.592 0.772 0.194 0.172 0.127 0.558 0.866 0.563 0.955 0.277 0.688 0.181 0.079 0.103 0.951 0.010 0.432 0.230 0.292 0.247 0.204 0.256 0.483 0.961 0.366 0.850 0.010 0.329 0.529 0.823 0.105 0.084 0.925 0.153 0.951 0.290 0.335 0.924 0.306 0.032 0.055 0.455 0.054 0.463 0.036 0.556 0.960 0.493 0.015 0.586 0.697 0.724 0.171 0.164 0.435 0.537 0.328 0.813 0.255 0.686 0.516 0.487 0.966 0.795 0.838 0.308 0.015 0.687 0.031 0.243 0.060 0.791 0.686 0.170 0.804 0.411 0.002 0.656 0.758 0.965 0.633 0.021 0.013 0.436 0.633 0.325 0.258 0.780 0.847 0.146 0.117 0.497 0.679 0.740 0.279 0.442 0.295 0.406 0.935 0.082 0.551 0.908 0.943 0.474 0.626 0.793 0.937 0.777 0.744 0.622 0.468 0.773 0.345 0.523 0.771 0.812 
ofv: 1086.834864
Best time: 150.645
Total time:150.713 


Instance: /mnt/c/Users/felip/OneDrive/Documentos/GitHub/PO_Ball/Problems/Sequenciamento/instances/500_15_v2.txt
RKO: SA | ILS | VNS | BRKGA | BRKGA-CS | PSO | GA | LNS | GRASP | IPR | 
Sol: 0.368 0.230 0.946 0.385 0.536 0.910 0.396 0.095 0.064 0.917 0.213 0.353 0.999 0.751 0.886 0.795 0.829 0.602 0.333 0.628 0.670 0.251 0.338 0.404 0.065 0.648 0.057 0.818 0.287 0.783 0.096 0.191 0.621 0.211 0.042 0.510 0.483 0.797 0.461 0.069 0.303 0.370 0.054 0.172 0.189 0.026 0.918 0.725 0.826 0.048 0.153 0.370 0.507 0.484 0.240 0.507 0.702 0.696 0.417 0.066 0.515 0.425 0.533 0.187 0.085 0.799 0.255 0.564 0.317 0.583 0.924 0.522 0.870 0.918 0.142 0.755 0.775 0.683 0.391 0.746 0.427 0.676 0.329 0.193 0.267 0.406 0.991 0.077 0.070 0.556 0.689 0.054 0.233 0.361 0.525 0.331 0.633 0.654 0.000 0.152 0.986 0.095 0.570 0.058 0.894 0.194 0.299 0.739 0.510 0.865 0.895 0.018 0.638 0.679 0.639 0.317 0.302 0.185 0.104 0.863 0.641 0.569 0.174 0.384 0.919 0.128 0.451 0.236 0.712 0.668 0.341 0.377 0.628 0.415 0.756 0.231 0.794 0.646 0.923 0.428 0.515 0.132 0.969 0.788 0.755 0.179 0.951 0.509 0.023 0.408 0.744 0.907 0.333 0.017 0.324 0.838 0.450 0.314 0.491 0.645 0.851 0.828 0.550 0.335 0.806 0.758 0.944 0.228 0.305 0.009 0.815 0.900 0.397 0.807 0.619 0.236 0.883 0.222 0.049 0.148 0.945 0.915 0.458 0.602 0.857 0.228 0.536 0.845 0.299 0.101 0.255 0.021 0.277 0.300 0.162 0.314 0.310 0.388 0.843 0.057 0.446 0.340 0.643 0.849 0.195 0.172 0.830 0.094 0.628 0.494 0.532 0.418 0.983 0.945 0.184 0.647 0.226 0.269 0.034 0.065 0.323 0.531 0.130 0.746 0.070 0.729 0.974 0.293 0.357 0.960 0.450 0.056 0.203 1.000 0.210 0.644 0.362 0.864 0.842 0.877 0.310 0.313 0.379 0.790 0.635 0.868 0.460 0.014 0.436 0.337 0.140 0.273 0.312 0.934 0.506 0.182 0.132 0.374 0.183 0.685 0.712 0.429 0.075 0.186 0.679 0.836 0.146 0.313 0.991 0.008 0.426 0.152 0.324 0.270 0.381 0.327 0.950 0.212 0.086 0.216 0.328 0.514 0.448 0.808 0.139 0.122 0.491 0.333 0.443 0.995 0.801 0.723 0.817 0.154 0.205 0.927 0.338 0.955 0.392 0.596 0.010 0.289 0.431 0.624 0.022 0.494 0.155 0.762 0.834 0.018 0.499 0.995 0.820 0.013 0.902 0.713 0.269 0.004 0.356 0.715 0.597 0.298 0.513 0.812 0.567 0.966 0.601 0.730 0.918 0.103 0.718 0.063 0.238 0.685 0.428 0.700 0.218 0.625 0.932 0.707 0.491 0.115 0.379 0.696 0.736 0.688 0.725 0.834 0.337 0.574 0.597 0.049 0.990 0.039 0.330 0.311 0.370 0.051 0.706 0.239 0.923 0.374 0.533 0.351 0.173 0.964 0.030 0.646 0.030 0.208 0.726 0.534 0.488 0.462 0.100 0.381 0.131 0.294 0.380 0.397 0.421 0.707 0.767 0.072 0.002 0.505 0.760 0.451 0.795 0.541 0.028 0.655 0.631 0.621 0.210 0.387 0.650 0.249 0.993 0.093 0.313 0.115 0.495 0.152 0.294 0.749 0.198 0.737 0.591 0.703 0.958 0.463 0.956 0.110 0.181 0.264 0.159 0.704 0.706 0.158 0.794 0.589 0.355 0.767 0.060 0.953 0.482 0.132 0.761 0.089 0.111 0.020 0.604 0.716 0.664 0.368 0.465 0.116 0.878 0.228 0.135 0.333 0.540 0.383 0.167 0.388 0.382 0.048 0.207 0.853 0.578 0.617 0.643 0.323 0.378 0.431 0.458 0.717 0.363 0.456 0.235 0.272 0.566 0.399 0.586 0.934 0.560 0.765 0.086 0.327 0.804 0.436 0.832 0.625 0.384 0.486 0.828 0.882 0.241 0.339 0.484 0.414 0.087 0.597 0.598 0.500 0.058 0.997 0.428 0.257 0.321 0.048 0.443 0.997 0.577 0.728 0.658 0.333 0.828 0.465 
ofv: 1031.227476
Best time: 150.826
Total time:151.054 


Instance: /mnt/c/Users/felip/OneDrive/Documentos/GitHub/PO_Ball/Problems/Sequenciamento/instances/600_5_v2.txt
RKO: SA | ILS | VNS | BRKGA | BRKGA-CS | PSO | GA | LNS | GRASP | IPR | 
Sol: 0.258 0.772 0.180 0.237 0.745 0.395 0.918 0.683 0.281 0.978 0.182 0.211 0.267 0.167 0.003 0.081 0.449 0.537 0.150 0.311 0.994 0.531 0.444 0.500 0.990 0.334 0.205 0.228 0.930 0.058 0.578 0.293 0.201 0.291 0.655 0.409 0.647 0.234 0.147 0.000 0.366 0.592 0.814 0.403 0.149 0.640 0.678 0.117 0.553 0.720 0.384 0.392 0.062 0.513 0.909 0.076 0.598 0.137 0.072 0.508 0.966 0.433 0.256 0.520 0.063 0.345 0.466 0.038 0.582 0.050 0.778 0.932 0.725 0.384 0.404 0.872 0.393 0.058 0.485 0.887 0.745 0.740 0.239 0.805 0.635 0.577 0.172 0.050 0.263 0.114 0.140 0.775 0.910 0.989 0.045 0.228 0.810 0.539 0.572 0.421 0.069 0.395 0.520 0.674 0.231 0.772 0.370 0.311 0.253 0.367 0.349 0.643 0.392 0.687 0.549 0.776 0.477 0.157 0.710 0.934 0.293 0.378 0.004 0.258 0.756 0.891 0.942 0.776 0.158 0.100 0.391 0.417 0.509 0.153 0.271 0.842 0.598 0.159 0.621 0.076 0.756 0.458 0.403 0.128 0.697 0.495 0.631 0.387 0.590 0.820 0.272 0.301 0.684 0.352 0.955 0.214 0.668 0.817 0.859 0.146 0.551 0.154 0.728 0.003 0.384 0.462 0.926 0.991 0.642 0.014 0.863 0.118 0.248 0.508 0.310 0.888 0.321 0.796 0.389 0.753 0.046 0.499 0.326 0.129 0.218 0.251 0.698 0.568 0.354 0.448 0.028 0.845 0.002 0.443 0.461 0.939 0.925 0.457 0.472 0.864 0.359 0.090 0.154 0.479 0.150 0.630 0.179 0.977 0.893 0.710 0.232 0.423 0.381 0.465 0.476 0.085 0.902 0.322 0.861 0.542 0.645 0.898 0.751 0.111 0.988 0.629 0.028 0.844 0.934 0.819 0.040 0.949 0.184 0.653 0.013 0.352 0.274 0.222 0.899 0.403 1.000 0.333 0.286 0.122 0.515 0.196 0.179 0.453 0.103 0.959 0.089 0.295 0.475 0.494 0.302 0.600 0.173 0.979 0.622 0.379 0.746 0.618 0.242 0.425 0.573 0.135 0.203 0.990 0.202 0.535 0.745 0.305 0.605 0.813 0.896 0.908 0.847 0.152 0.085 0.313 0.644 0.154 0.003 0.962 0.004 0.068 0.260 0.154 0.512 0.719 0.289 0.314 0.511 0.248 0.260 0.455 0.176 0.852 0.343 0.573 0.048 0.983 0.372 0.939 0.289 0.671 0.309 0.745 0.510 0.187 0.160 0.623 0.428 0.357 0.606 0.843 0.561 0.875 0.933 0.909 0.919 0.266 0.393 0.613 0.462 0.781 0.929 0.371 0.894 0.118 0.528 0.763 0.561 0.570 0.195 0.472 0.501 0.439 0.994 0.443 0.538 0.168 0.709 0.242 0.684 0.855 0.406 0.400 0.803 0.123 0.899 0.312 0.838 0.705 0.081 0.584 0.645 0.091 0.735 0.194 0.181 0.290 0.232 0.490 0.835 0.475 0.083 0.685 0.982 0.178 0.025 0.365 0.610 0.766 0.668 0.855 0.658 0.479 0.038 0.250 0.066 0.519 0.123 0.536 0.153 0.252 0.551 0.798 0.712 0.678 0.773 0.035 0.224 0.743 0.381 0.787 0.312 0.454 0.312 0.494 0.380 0.421 0.340 0.832 0.725 0.716 0.555 0.671 0.054 0.864 0.834 0.893 0.412 0.761 0.143 0.373 0.596 0.744 0.044 0.591 0.060 0.983 0.820 0.506 0.830 0.803 0.977 0.420 0.845 0.144 0.143 0.472 0.156 0.452 0.111 0.030 0.617 0.711 0.907 0.652 0.867 0.305 0.459 0.309 0.853 0.587 0.866 0.844 0.674 0.170 0.818 0.022 0.613 0.477 0.523 0.567 0.121 0.476 0.533 0.102 0.490 0.109 0.809 0.542 0.867 0.262 0.457 0.758 0.668 0.582 0.366 0.293 0.577 0.417 0.403 0.726 0.770 0.831 0.430 0.718 0.328 0.407 0.724 0.823 0.811 0.971 0.597 0.677 0.087 0.083 0.095 0.999 0.008 0.819 0.305 0.137 0.194 0.667 0.220 0.071 0.002 0.063 0.120 0.475 0.051 0.453 0.752 0.349 0.769 0.439 0.808 0.460 0.588 0.487 0.338 0.827 0.985 0.979 0.068 0.988 0.397 0.523 0.974 0.940 0.048 0.412 0.818 0.176 0.358 0.623 0.347 0.525 0.730 0.525 0.679 0.459 0.087 0.395 0.378 0.753 0.023 0.924 0.136 0.439 0.454 0.182 0.372 0.494 0.391 0.208 0.960 0.948 0.211 0.309 0.352 0.306 0.110 0.278 0.287 0.619 0.253 0.664 0.857 0.362 0.214 0.663 0.040 0.112 0.900 0.460 0.753 0.382 0.090 0.982 0.506 0.988 0.571 0.737 0.286 0.724 0.394 0.723 0.450 0.426 0.088 0.549 0.087 0.896 0.023 0.667 0.323 0.367 0.300 0.056 0.790 0.222 0.165 0.144 0.872 0.517 
ofv: 1256.702376
Best time: 150.794
Total time:150.903 


Instance: /mnt/c/Users/felip/OneDrive/Documentos/GitHub/PO_Ball/Problems/Sequenciamento/instances/600_10_v2.txt
RKO: SA | ILS | VNS | BRKGA | BRKGA-CS | PSO | GA | LNS | GRASP | IPR | 
Sol: 0.147 0.461 0.635 0.428 0.827 0.870 0.388 0.179 0.257 0.730 0.279 0.866 0.663 0.963 0.919 0.071 0.437 0.635 0.392 0.832 0.022 0.238 0.715 0.206 0.079 0.877 0.716 0.674 0.236 0.656 0.752 0.515 0.916 0.709 0.431 0.167 0.090 0.169 0.693 0.335 0.187 0.056 0.983 0.744 0.092 0.178 0.216 0.033 0.119 0.228 0.691 0.541 0.100 0.253 0.226 0.516 0.943 0.009 0.271 0.866 0.120 0.815 0.958 0.934 0.119 0.299 0.190 0.902 0.141 0.716 0.507 0.388 0.656 0.256 0.192 0.128 0.100 0.397 0.460 0.062 0.427 0.201 0.722 0.303 0.013 0.046 0.910 0.728 0.756 0.834 0.011 0.114 0.931 0.552 0.041 0.943 0.420 0.396 0.524 0.121 0.107 0.841 0.882 0.773 0.892 0.608 0.722 0.558 0.167 0.684 0.224 0.074 0.873 0.705 0.941 0.809 0.437 0.399 0.093 0.163 0.220 0.218 0.462 0.072 0.495 0.619 0.013 0.349 0.599 0.721 0.727 0.980 0.749 0.520 0.576 0.163 0.868 0.023 0.422 0.833 0.091 0.835 0.344 0.903 0.804 0.713 0.620 0.337 0.271 0.127 0.554 0.666 0.076 0.196 0.499 0.305 0.723 0.427 0.471 0.014 0.657 0.340 0.246 0.464 0.543 0.877 0.959 0.310 0.943 0.878 0.477 0.338 0.038 0.353 0.401 0.305 0.802 0.023 0.846 0.751 0.245 0.160 0.098 0.279 0.280 0.799 0.414 0.956 0.465 0.738 0.369 0.105 0.100 0.745 0.460 0.903 0.052 0.515 0.577 0.051 0.069 0.268 0.759 0.063 0.347 0.700 0.556 0.988 0.565 0.726 0.109 0.540 0.918 0.855 0.204 0.974 0.512 0.076 0.073 0.328 0.901 0.757 0.735 0.371 0.600 0.912 0.129 0.013 0.397 0.375 0.472 0.560 0.314 0.082 0.590 0.118 0.187 0.654 0.034 0.068 0.486 0.204 0.022 0.773 0.173 0.266 0.040 0.550 0.050 0.126 0.620 0.736 0.890 0.017 0.134 0.734 0.417 0.563 0.177 0.951 0.523 0.975 0.640 0.019 0.328 0.909 0.356 0.315 0.677 0.444 0.238 0.344 0.345 0.831 0.038 0.258 0.744 0.095 0.230 0.608 0.079 0.954 0.073 0.680 0.437 0.940 0.132 0.279 0.119 0.777 0.194 0.130 0.773 0.014 0.938 0.702 0.115 0.501 0.849 0.431 0.804 0.927 0.585 0.087 0.835 0.778 0.703 0.597 0.356 0.426 0.719 0.168 0.240 0.704 0.208 0.061 0.418 0.166 0.700 0.775 0.965 0.296 0.134 0.908 0.349 0.441 0.086 0.286 0.658 0.751 0.757 0.838 0.110 0.346 0.150 0.247 0.873 0.798 0.574 0.759 0.760 0.413 0.067 0.433 0.041 0.741 0.421 0.685 0.401 0.867 0.911 0.877 0.197 0.075 0.568 0.067 0.738 0.864 0.029 0.486 0.153 0.317 0.447 0.860 0.779 0.918 0.131 0.136 0.175 0.608 0.131 0.446 0.366 0.831 0.431 0.367 0.885 0.570 0.748 0.743 0.448 0.139 0.044 0.579 0.684 0.301 0.799 0.912 0.468 0.665 0.334 0.170 0.277 0.046 0.222 0.415 0.731 0.603 0.400 0.877 0.745 0.808 0.009 0.644 0.178 0.988 0.817 0.946 0.955 0.278 0.167 0.705 0.506 0.838 0.665 0.133 0.745 0.331 0.568 0.963 0.695 0.594 0.549 0.046 0.963 0.323 0.998 0.509 0.072 0.793 0.182 0.503 0.649 0.172 0.705 0.478 0.775 0.775 0.180 0.184 0.750 0.814 0.164 0.961 0.216 0.543 0.451 0.072 0.015 0.314 0.527 0.021 0.491 0.268 0.904 0.839 0.038 0.525 0.406 0.733 0.238 0.791 0.383 0.882 0.911 0.688 0.889 0.786 0.004 0.080 0.210 0.182 0.523 0.258 0.993 0.870 0.598 0.778 0.055 0.303 0.901 0.744 0.903 0.409 0.429 0.196 0.128 0.926 0.793 0.011 0.054 0.116 0.646 0.020 0.570 0.003 0.817 0.372 0.687 0.536 0.598 0.342 0.756 0.945 0.390 0.269 0.895 0.381 0.485 0.169 0.982 0.736 0.317 0.874 0.293 0.884 0.172 0.160 0.988 0.889 0.012 0.150 0.896 0.364 0.714 0.162 0.165 0.984 0.875 0.534 0.419 0.518 0.699 0.440 0.682 0.080 0.958 0.111 0.094 0.784 0.387 0.340 0.923 0.226 0.936 0.351 0.891 0.974 0.629 0.662 0.626 0.958 0.110 0.339 0.177 0.390 0.580 0.790 0.282 0.716 0.764 0.605 0.554 0.115 0.100 0.704 0.320 0.945 0.695 0.643 0.968 0.943 0.371 0.793 0.468 0.807 0.649 0.065 0.910 0.463 0.035 0.748 0.299 0.374 0.330 0.951 0.457 0.089 0.875 0.625 0.525 0.107 0.286 0.973 0.279 0.858 0.160 0.066 0.974 0.726 
ofv: 1221.051509
Best time: 150.961
Total time:151.173 


Instance: /mnt/c/Users/felip/OneDrive/Documentos/GitHub/PO_Ball/Problems/Sequenciamento/instances/600_15_v2.txt
RKO: SA | ILS | VNS | BRKGA | BRKGA-CS | PSO | GA | LNS | GRASP | IPR | 
Sol: 0.280 0.507 0.692 0.190 0.735 0.403 0.266 0.316 0.647 0.659 0.195 0.839 0.924 0.928 0.621 0.606 0.807 0.204 0.603 0.528 0.582 0.575 0.609 0.414 0.676 0.571 0.116 0.316 0.042 0.968 0.778 0.603 0.422 0.513 0.857 0.237 0.315 0.025 0.795 0.888 0.797 0.583 0.071 0.990 0.102 0.166 0.164 0.791 0.136 0.768 0.279 0.256 0.203 0.005 0.205 0.810 0.723 0.405 0.096 0.116 0.733 0.050 0.858 0.327 0.566 0.211 0.406 0.405 0.076 0.683 0.739 0.943 0.317 0.500 0.227 0.599 0.995 0.133 0.193 0.829 0.219 0.995 0.064 0.431 0.967 0.156 0.710 0.773 0.245 0.509 0.702 0.224 0.905 0.737 0.827 0.107 0.924 0.435 0.440 0.497 0.607 0.178 0.017 0.818 0.891 0.948 0.214 0.919 0.930 0.358 0.605 0.101 0.993 0.623 0.769 0.201 0.362 0.726 0.395 0.601 0.887 0.285 0.796 0.837 0.256 0.885 0.084 0.964 0.864 0.967 0.636 0.224 0.687 0.692 0.110 0.647 0.774 0.748 0.486 0.480 0.521 0.902 0.674 0.924 0.653 0.804 0.951 0.618 0.927 0.074 0.394 0.347 0.704 0.199 0.422 0.133 0.954 0.498 0.209 0.381 0.074 0.965 0.966 0.764 0.867 0.472 0.094 0.927 0.166 0.180 0.461 0.259 0.957 0.993 0.532 0.567 0.007 0.914 0.462 0.904 0.480 0.657 0.250 0.715 0.464 0.378 0.586 0.124 0.395 0.035 0.172 0.736 0.619 0.778 0.264 0.573 0.984 0.713 0.945 0.975 0.970 0.354 0.892 0.961 0.201 0.692 0.307 0.104 0.165 0.106 0.543 0.621 0.788 0.265 0.998 0.873 0.271 0.796 0.265 0.699 0.962 0.634 0.768 0.500 0.119 0.834 0.966 0.178 0.022 0.453 0.026 0.110 0.479 0.614 0.169 0.258 0.397 0.797 0.630 0.158 0.525 0.957 0.539 0.649 0.328 0.015 0.058 0.205 0.161 0.641 0.862 0.701 0.251 0.709 0.111 0.262 0.769 0.867 0.665 0.109 0.922 0.779 0.520 0.241 0.256 0.417 0.194 0.356 0.325 0.962 0.280 0.253 0.650 0.450 0.403 0.870 0.834 0.264 0.849 0.856 0.909 0.730 0.974 0.453 0.475 0.212 0.216 0.950 0.436 0.250 0.710 0.824 0.819 0.108 0.005 0.746 0.651 0.491 0.527 0.676 0.935 0.070 0.543 0.339 0.248 0.771 0.982 0.314 0.724 0.922 0.170 0.262 0.304 0.968 0.455 0.187 0.791 0.697 0.717 0.062 0.791 0.075 0.594 0.081 0.085 0.489 0.251 0.298 0.319 0.607 0.357 0.767 0.596 0.587 0.377 0.574 0.209 0.778 0.216 0.474 0.409 0.615 0.777 0.346 0.774 0.791 0.902 0.606 0.737 0.875 0.398 0.821 0.762 0.552 0.663 0.082 0.019 0.218 0.188 0.036 0.466 0.262 0.207 0.200 0.705 0.405 0.111 0.126 0.601 0.838 0.198 0.060 0.990 0.102 0.925 0.346 0.308 0.929 0.305 0.818 0.489 0.406 0.932 0.062 0.770 0.772 0.257 0.353 0.359 0.145 0.873 0.944 0.666 0.194 0.109 0.181 0.156 0.299 0.284 0.402 0.201 0.700 0.596 0.268 0.092 0.031 0.240 0.999 0.598 0.666 0.585 0.621 0.697 0.961 0.682 0.105 0.025 0.264 0.669 0.476 0.149 0.468 0.106 0.474 0.362 0.011 0.401 0.877 0.844 0.838 0.498 0.975 0.907 0.730 0.740 0.968 0.816 0.400 0.059 0.247 0.500 0.747 0.632 0.377 0.835 0.380 0.250 0.348 0.162 0.523 0.613 0.575 0.001 0.931 0.550 0.336 0.670 0.894 0.788 0.278 0.782 0.699 0.438 0.367 0.666 0.229 0.437 0.246 0.492 0.100 0.684 0.621 0.646 0.132 0.513 0.183 0.837 0.714 0.413 0.678 0.043 0.349 0.303 0.115 0.783 0.782 0.235 0.107 0.784 0.155 0.162 0.633 0.022 0.413 0.323 0.058 0.125 0.065 0.482 0.893 0.065 0.452 0.385 0.189 0.426 0.044 0.843 0.807 0.806 0.390 0.518 0.355 0.941 0.947 0.784 0.863 0.343 0.872 0.028 0.202 0.976 0.224 0.379 0.366 0.207 0.466 0.485 0.698 0.452 0.856 0.723 0.857 0.214 0.828 0.030 0.494 0.549 0.921 0.557 0.715 0.876 0.265 0.281 0.566 0.429 0.939 0.246 0.139 0.816 0.790 0.251 0.703 0.767 0.022 0.659 0.944 0.378 0.020 0.139 0.405 0.457 0.846 0.560 0.884 0.227 0.936 0.730 0.943 0.653 0.870 0.911 0.760 0.056 0.530 0.418 0.829 0.753 0.364 0.601 0.339 0.803 0.203 0.034 0.912 0.437 0.662 0.725 0.170 0.002 0.957 0.881 0.329 0.081 0.305 0.502 0.486 0.011 0.185 0.413 0.117 
ofv: 1254.966442
Best time: 151.081
Total time:151.234 


Instance: /mnt/c/Users/felip/OneDrive/Documentos/GitHub/PO_Ball/Problems/Sequenciamento/instances/700_5_v2.txt
RKO: SA | ILS | VNS | BRKGA | BRKGA-CS | PSO | GA | LNS | GRASP | IPR | 
Sol: 0.046 0.040 0.941 0.429 0.236 0.987 0.964 0.610 0.764 0.763 0.759 0.458 0.973 0.909 0.578 0.092 0.733 0.294 0.137 0.876 0.007 0.071 0.566 0.018 0.947 0.253 0.786 0.353 0.719 0.150 0.572 0.559 0.657 0.383 0.138 0.389 0.199 0.956 0.273 0.509 0.846 0.518 0.218 0.877 0.244 0.391 0.323 0.946 0.804 0.649 0.584 0.475 0.833 0.777 0.688 0.983 0.722 0.022 0.189 0.886 0.577 0.151 0.494 0.657 0.685 0.284 0.513 0.437 0.626 0.659 0.881 0.233 0.892 0.813 0.758 0.636 0.980 0.897 0.714 0.649 0.153 0.966 0.105 0.153 0.578 0.067 0.541 0.773 0.562 0.614 0.607 0.726 0.070 0.819 0.935 0.396 0.012 0.120 0.696 0.211 0.151 0.844 0.909 0.387 0.012 0.887 0.643 0.996 0.292 0.903 0.805 0.325 0.682 0.336 0.411 0.977 0.041 0.736 0.780 0.013 0.244 0.383 0.931 0.199 0.048 0.964 0.016 0.774 0.431 0.699 0.329 0.567 0.116 0.131 0.246 0.427 0.357 0.469 0.774 0.191 0.109 0.342 0.467 0.210 0.343 0.480 0.735 0.565 0.834 0.406 0.166 0.197 0.018 0.635 0.405 0.592 0.516 0.766 0.715 0.430 0.718 0.546 0.326 0.048 0.363 0.054 0.947 0.602 0.273 0.387 0.884 0.079 0.096 0.401 0.332 0.671 0.050 0.623 0.603 0.608 0.802 0.405 0.906 0.475 0.265 0.960 0.030 0.563 0.026 0.181 0.930 0.982 0.928 0.214 0.597 0.101 0.002 0.657 0.410 0.409 0.851 0.322 0.513 0.443 0.967 0.495 0.758 0.359 0.059 0.679 0.498 0.496 0.990 0.238 0.789 0.776 0.738 0.149 0.637 0.894 0.440 0.646 0.049 0.906 0.292 0.198 0.698 0.026 0.530 0.156 0.225 0.941 0.458 0.828 0.760 0.501 0.717 0.555 0.583 0.636 0.286 0.255 0.018 0.113 0.969 0.084 0.856 0.975 0.636 0.018 0.365 0.695 0.524 0.640 0.625 0.915 0.755 0.051 0.306 0.677 0.421 0.338 0.243 0.598 0.488 0.576 0.047 0.344 0.022 0.714 0.605 0.975 0.672 0.461 0.384 0.558 0.291 0.480 0.236 0.326 0.879 0.566 0.711 0.599 0.109 0.516 0.114 0.533 0.694 0.990 0.135 0.547 0.896 0.006 0.669 0.189 0.211 0.621 0.380 0.145 0.938 0.602 0.804 0.574 0.142 0.924 0.407 0.584 0.054 0.511 0.161 0.939 0.267 0.413 0.515 0.045 0.718 0.654 0.520 0.667 0.287 0.178 0.613 0.647 0.561 0.894 0.342 0.616 0.479 0.661 0.394 0.586 0.918 0.689 0.028 0.877 0.358 0.517 0.467 0.589 0.205 0.151 0.819 0.471 0.199 0.895 0.787 0.502 0.052 0.706 0.023 0.812 0.060 0.008 0.367 0.252 0.458 0.434 0.343 0.225 0.558 0.698 0.445 0.983 0.247 0.160 0.079 0.287 0.697 0.867 0.755 0.875 0.431 0.805 0.467 0.521 0.828 0.772 0.185 0.397 0.268 0.579 0.015 0.199 0.144 0.832 0.490 0.969 0.140 0.519 0.167 0.957 0.350 0.983 0.350 0.901 0.359 0.350 0.258 0.179 0.124 0.319 0.990 0.122 0.490 0.145 0.025 0.829 0.315 0.559 0.093 0.062 0.653 0.028 0.861 0.556 0.739 0.578 0.051 0.832 0.126 0.268 0.984 0.092 0.700 0.271 0.238 0.838 0.005 0.023 0.918 0.482 0.886 0.017 0.112 0.201 0.308 0.105 0.664 0.648 0.107 0.313 0.307 0.273 0.301 0.276 0.965 0.322 0.230 0.427 0.023 0.414 0.383 0.227 0.775 0.251 0.555 0.887 0.955 0.233 0.001 0.344 0.200 0.484 0.563 0.693 0.529 0.780 0.019 0.013 0.058 0.607 0.982 0.622 0.002 0.755 0.391 0.690 0.016 0.916 0.701 0.154 0.516 0.582 0.925 0.439 0.823 0.585 0.793 0.501 0.331 0.765 0.262 0.935 0.027 0.688 0.606 0.452 0.301 0.191 0.903 0.280 0.582 0.958 0.424 0.201 0.156 0.542 0.503 0.516 0.537 0.839 0.400 0.721 0.922 0.256 0.573 0.958 0.877 0.399 0.193 0.555 0.575 0.325 0.436 0.892 0.650 0.822 0.368 0.402 0.008 0.942 0.811 0.918 0.469 0.063 0.223 0.639 0.439 0.367 0.286 0.480 0.929 0.502 0.191 0.264 0.116 0.664 0.407 1.000 0.165 0.932 0.025 0.909 0.844 0.979 0.429 0.304 0.922 0.205 0.722 0.495 0.260 0.751 0.830 0.465 0.975 0.135 0.070 0.915 0.491 0.082 0.024 0.440 0.168 0.199 0.106 0.283 0.680 0.572 0.815 0.482 0.040 0.507 0.052 0.466 0.195 0.329 0.740 0.891 0.968 0.644 0.076 0.575 0.902 0.115 0.892 0.415 0.584 0.081 0.015 0.114 0.190 0.163 0.047 0.566 0.060 0.734 0.449 0.958 0.611 0.050 0.592 0.499 0.329 0.847 0.733 0.870 0.318 0.504 0.999 0.046 0.077 0.697 0.583 0.107 0.619 0.158 0.326 0.295 0.802 0.087 0.737 0.915 0.173 0.491 0.544 0.461 0.184 0.738 0.874 0.906 0.469 0.566 0.797 0.355 0.451 0.016 0.363 0.082 0.607 0.362 0.770 0.483 0.121 0.883 0.710 0.518 0.617 0.861 0.775 0.085 0.910 0.233 0.718 0.091 0.569 0.810 0.918 0.928 0.302 0.629 0.638 0.260 0.390 0.873 0.679 0.638 0.843 0.441 0.418 0.869 0.933 0.127 0.022 0.096 0.675 0.861 0.314 0.197 0.371 0.358 0.523 0.024 0.699 0.436 0.904 0.414 0.606 0.700 
ofv: 1426.819206
Best time: 151.610
Total time:151.768 


Instance: /mnt/c/Users/felip/OneDrive/Documentos/GitHub/PO_Ball/Problems/Sequenciamento/instances/700_10_v2.txt
RKO: SA | ILS | VNS | BRKGA | BRKGA-CS | PSO | GA | LNS | GRASP | IPR | 
Sol: 0.136 0.288 0.207 0.827 0.993 0.210 0.824 0.930 0.759 0.552 0.792 0.852 0.621 0.883 0.762 0.486 0.356 0.975 0.123 0.994 0.847 0.683 0.176 0.427 0.128 0.801 0.168 0.744 0.557 0.383 0.263 0.897 0.463 0.368 0.786 0.857 0.495 0.884 0.765 0.493 0.853 0.519 0.434 0.239 0.689 0.396 0.110 0.720 0.153 0.748 0.459 0.109 0.855 0.573 0.084 0.018 0.364 0.610 0.914 0.176 0.810 0.985 0.151 0.651 0.207 0.587 0.439 0.345 0.362 0.537 0.621 0.606 0.747 0.033 0.059 0.334 0.171 0.387 0.794 0.624 0.111 0.677 0.988 0.686 0.548 0.157 0.798 0.721 0.680 0.797 0.198 0.040 0.036 0.749 0.499 0.923 0.771 0.726 0.041 0.953 0.682 0.427 0.882 0.636 0.820 0.340 0.780 0.445 0.488 0.270 0.676 0.681 0.448 0.942 0.258 0.717 0.692 0.636 0.075 0.066 0.382 0.276 0.358 0.987 0.484 0.239 0.074 0.755 0.754 0.582 0.205 0.254 0.840 0.021 0.320 0.236 0.139 0.467 0.219 0.945 0.265 0.283 0.326 0.713 0.495 0.168 0.991 0.320 0.801 0.130 0.929 0.452 0.862 0.535 0.738 0.871 0.971 0.129 0.299 0.588 0.562 0.994 0.426 0.457 0.610 0.430 0.998 0.853 0.883 0.300 0.542 0.099 0.709 0.429 0.783 0.630 0.818 0.753 0.720 0.916 0.624 0.431 0.040 0.483 0.215 0.269 0.136 0.590 0.464 0.571 0.537 0.720 0.227 0.293 0.772 0.970 0.086 0.644 0.831 0.724 0.758 0.868 0.369 0.704 0.804 0.951 0.286 0.713 0.733 0.421 0.788 0.973 0.322 0.151 0.010 0.887 0.387 0.489 0.510 0.981 0.022 0.603 0.905 0.912 0.390 0.551 0.929 0.237 0.312 0.591 0.113 0.311 0.732 0.370 0.995 0.436 0.881 0.790 0.724 0.010 0.530 0.571 0.802 0.057 0.019 0.297 0.377 0.136 0.443 0.931 0.726 0.444 0.285 0.589 0.212 0.528 0.888 0.361 0.824 0.088 0.422 0.868 0.793 0.518 0.665 0.003 0.758 0.874 0.135 0.652 0.871 0.176 0.901 0.614 0.490 0.631 0.579 0.795 0.431 0.669 0.742 0.007 0.587 0.177 0.024 0.548 0.541 0.399 0.889 0.793 0.442 0.768 0.933 0.906 0.413 0.135 0.734 0.412 0.784 0.929 0.490 0.180 0.728 0.463 0.751 0.192 0.357 0.516 0.865 0.096 0.793 0.855 0.584 0.872 0.648 0.319 0.792 0.290 0.915 0.159 0.142 0.483 0.400 0.222 0.851 0.234 0.426 0.906 0.762 0.573 0.168 0.745 0.128 0.925 0.392 0.074 0.626 0.060 0.134 0.265 0.913 0.613 0.303 0.055 0.977 0.383 0.457 0.058 0.896 0.780 0.461 0.435 0.560 0.967 0.619 0.305 0.051 0.639 0.408 0.068 0.060 0.316 0.645 0.770 0.411 0.566 0.826 0.358 0.041 0.396 0.564 0.895 0.432 0.828 0.002 0.377 0.982 0.198 0.222 0.797 0.420 0.178 0.117 0.411 0.252 0.603 0.912 0.412 0.326 0.797 0.361 0.891 0.211 0.257 0.497 0.837 0.369 0.269 0.683 0.819 0.607 0.057 0.661 0.364 0.103 0.789 0.339 0.135 0.887 0.146 0.208 0.885 0.299 0.057 0.335 0.723 0.059 0.950 0.731 0.770 0.190 0.395 0.961 0.597 0.893 0.809 0.534 0.127 0.304 0.905 0.219 0.945 0.247 0.280 0.758 0.428 0.009 0.559 0.695 0.675 0.821 0.592 0.960 0.986 0.942 0.132 0.037 0.812 0.500 0.897 0.494 0.405 0.397 0.730 0.120 0.300 0.172 0.640 0.980 0.352 0.417 0.418 0.446 0.461 0.601 0.621 0.515 0.668 0.709 0.761 0.834 0.860 0.108 0.009 0.977 0.841 0.663 0.662 0.781 0.295 0.424 0.978 0.902 0.022 0.203 0.305 0.230 0.241 0.811 0.127 0.022 0.367 0.279 0.211 0.986 0.030 0.919 0.251 0.878 0.003 0.794 0.831 0.443 0.353 0.385 0.821 0.063 0.180 0.909 0.643 0.175 0.630 0.776 0.385 0.759 0.552 0.150 0.308 0.430 0.673 0.349 0.240 0.211 0.461 0.721 0.212 0.236 0.654 0.966 0.629 0.299 0.899 0.088 0.851 0.669 0.958 0.327 0.537 0.614 0.712 0.417 0.847 0.631 0.053 0.232 0.720 0.193 0.019 0.472 0.502 0.643 0.590 0.023 0.569 0.735 0.522 0.977 0.615 0.914 0.137 0.551 0.703 0.205 0.490 0.627 0.423 0.014 0.978 0.285 0.518 0.424 0.991 0.955 0.286 0.176 0.892 0.105 0.410 0.517 0.685 0.547 0.307 0.720 0.847 0.723 0.449 0.995 0.949 0.746 0.133 0.110 0.786 0.556 0.518 0.731 0.269 0.015 0.920 0.390 0.318 0.091 0.202 0.511 0.251 0.722 0.417 0.504 0.246 0.823 0.688 0.274 0.188 0.567 0.283 0.467 0.978 0.732 0.464 0.150 0.142 0.533 0.632 0.452 0.169 0.006 0.657 0.373 0.986 0.346 0.390 0.649 0.447 0.455 0.402 0.368 0.613 0.198 0.391 0.580 0.248 0.176 0.229 0.612 0.686 0.229 0.887 0.301 0.435 0.879 0.325 0.833 0.055 0.211 0.590 0.070 0.370 0.454 0.691 0.869 0.580 0.041 0.727 0.369 0.975 0.791 0.338 0.972 0.786 0.750 0.874 0.229 0.939 0.475 0.477 0.372 0.261 0.766 0.520 0.206 0.988 0.458 0.632 0.846 0.251 0.559 0.393 0.293 0.217 0.821 0.755 0.288 0.596 0.241 0.025 0.599 0.775 0.964 0.218 0.711 0.297 
ofv: 1429.145097
Best time: 151.289
Total time:151.425 


Instance: /mnt/c/Users/felip/OneDrive/Documentos/GitHub/PO_Ball/Problems/Sequenciamento/instances/700_15_v2.txt
RKO: SA | ILS | VNS | BRKGA | BRKGA-CS | PSO | GA | LNS | GRASP | IPR | 
Sol: 0.411 0.956 0.799 0.965 0.687 0.244 0.860 0.621 0.416 0.886 0.708 0.585 0.100 0.805 0.914 0.306 0.753 0.861 0.646 0.823 0.891 0.724 0.299 0.312 0.837 0.960 0.382 0.072 0.022 0.189 0.241 0.086 0.393 0.499 0.570 0.731 0.615 0.824 0.041 0.207 0.886 0.326 0.614 0.247 0.358 0.872 0.397 0.949 0.311 0.859 0.986 0.700 0.210 0.152 0.263 0.060 0.531 0.740 0.168 0.578 0.436 0.352 0.549 0.176 0.717 0.278 0.739 0.474 0.414 0.620 0.118 0.640 0.396 0.840 0.891 0.844 0.218 0.847 0.354 0.918 0.579 0.461 0.952 0.420 0.131 0.613 0.722 0.305 0.265 0.928 0.259 0.757 0.947 0.944 0.143 0.102 0.619 0.397 0.921 0.462 0.238 0.279 0.554 0.582 0.348 0.463 0.285 0.038 0.061 0.527 0.152 0.128 0.063 0.313 0.176 0.709 0.921 0.202 0.256 0.114 0.167 0.719 0.696 0.751 0.014 0.191 0.346 0.106 0.718 0.100 0.142 0.196 0.603 0.601 0.658 0.038 0.280 0.203 0.377 0.290 0.276 0.414 0.759 0.871 0.990 0.176 0.311 0.442 0.052 0.132 0.417 0.887 0.165 0.263 0.927 0.509 0.515 0.514 0.125 0.239 0.755 0.938 0.825 0.797 0.410 0.969 0.726 0.873 0.218 0.763 0.772 0.272 0.473 0.646 0.521 0.786 0.486 0.098 0.576 0.891 0.978 0.917 0.659 0.935 0.165 0.280 0.014 0.370 0.256 0.544 0.050 0.947 0.441 0.563 0.453 0.256 0.290 0.298 0.874 0.602 0.140 0.974 0.495 0.859 0.436 0.047 0.614 0.365 0.734 0.115 0.873 0.982 0.949 0.604 0.253 0.894 0.080 0.950 0.224 0.083 0.320 0.793 0.904 0.133 0.610 0.622 0.884 0.760 0.199 0.731 0.807 0.430 0.440 0.583 0.265 0.061 0.487 0.964 0.813 0.726 0.231 0.148 0.050 0.285 0.809 0.252 0.283 0.389 0.511 0.211 0.499 0.178 0.929 0.494 0.950 0.953 0.347 0.640 0.109 0.013 0.016 0.654 0.173 0.220 0.785 0.290 0.899 0.827 0.623 0.578 0.831 0.201 0.650 0.706 0.049 0.857 0.505 0.522 0.060 0.251 0.628 0.754 0.868 0.383 0.165 0.112 0.584 0.352 0.345 0.585 0.029 0.255 0.391 0.032 0.994 0.190 0.196 0.778 0.660 0.369 0.543 0.521 0.856 0.631 0.453 0.335 0.806 0.597 0.287 0.714 0.863 0.654 0.511 0.488 0.873 0.257 0.304 0.494 0.570 0.493 0.759 0.838 0.642 0.494 0.598 0.291 0.912 0.941 0.287 0.862 0.368 0.997 0.464 0.993 0.196 0.494 0.727 0.255 0.293 0.290 0.008 0.798 0.047 0.152 0.925 0.502 0.633 0.382 0.248 0.644 0.485 0.351 0.836 0.647 0.668 0.225 0.548 0.988 0.641 0.042 0.810 0.691 0.302 0.188 0.773 0.098 0.876 0.781 0.683 0.755 0.813 0.964 0.256 0.493 0.421 0.868 0.986 0.104 0.997 0.198 0.303 0.260 0.326 0.763 0.569 0.213 0.436 0.958 0.347 0.609 0.278 0.604 0.058 0.655 0.774 0.052 0.026 0.009 0.546 0.736 0.555 0.287 0.362 0.322 0.923 0.053 0.764 0.937 0.589 0.413 0.019 0.425 0.589 0.183 0.871 0.512 0.698 0.983 0.348 0.502 0.850 0.441 0.101 0.374 0.244 0.427 0.284 0.163 0.747 0.413 0.764 0.889 0.026 0.512 0.511 0.368 0.359 0.910 0.052 0.193 0.718 0.451 0.101 0.665 0.516 0.473 0.758 0.603 0.646 0.203 0.219 0.392 0.037 0.933 0.730 0.173 0.821 0.330 0.193 0.124 0.528 0.293 0.542 0.488 0.140 0.629 0.456 0.841 0.023 0.669 0.430 0.411 0.025 0.483 0.232 0.222 0.448 0.589 0.763 0.816 0.292 0.901 0.169 0.086 0.035 0.657 0.801 0.354 0.953 0.686 0.103 0.763 0.674 0.396 0.645 0.229 0.212 0.224 0.561 0.991 0.779 0.761 0.320 0.952 0.534 0.709 0.201 0.370 0.390 0.217 0.245 0.802 0.554 0.009 0.134 0.040 0.591 0.978 0.395 0.079 0.956 0.795 0.863 0.191 0.847 0.520 0.060 0.448 0.949 0.609 0.033 0.552 0.502 0.190 0.707 0.721 0.206 0.748 0.992 0.273 0.671 0.840 0.986 0.450 0.102 0.604 0.135 0.250 0.128 0.653 0.092 0.921 0.751 0.467 0.420 0.888 0.425 0.473 0.491 0.232 0.901 0.548 0.340 0.986 0.619 0.298 0.197 0.100 0.858 0.365 0.298 0.049 0.569 0.685 0.878 0.976 0.986 0.605 0.741 0.932 0.728 0.504 0.428 0.522 0.102 0.045 0.286 0.397 0.155 0.137 0.842 0.326 0.874 0.901 0.449 0.350 0.028 0.265 0.931 0.365 0.631 0.693 0.915 0.102 0.913 0.318 0.488 0.656 0.362 0.254 0.152 0.596 0.174 0.989 0.938 0.496 0.617 0.596 0.463 0.861 0.044 0.534 0.700 0.793 0.954 0.663 0.365 0.780 0.236 0.861 0.828 0.748 0.865 0.064 0.972 0.562 0.916 0.813 0.035 0.954 0.548 0.409 0.715 0.083 0.656 0.178 0.047 0.125 0.771 0.013 0.818 0.534 0.448 0.026 0.123 0.097 0.350 0.022 0.104 0.198 0.040 0.299 0.330 0.123 0.631 0.461 0.607 0.785 0.310 0.361 0.523 0.051 0.869 0.756 0.321 0.820 0.020 0.270 0.502 0.988 0.664 0.566 0.223 0.281 0.607 0.679 0.532 0.049 0.019 0.226 0.464 0.995 0.156 0.616 0.405 0.371 0.088 0.682 0.495 0.411 
ofv: 1401.986400
Best time: 151.760
Total time:151.973 
